Date,Open,High,Low,Close,Volume,Dividends,Stock Splits
2017-10-19,49.29999923706055,49.444000244140625,48.919498443603516,49.22249984741211,26272000,0,0.0
2017-10-20,49.47200012207031,49.54999923706055,49.229000091552734,49.40999984741211,23664000,0,0.0
2017-10-23,49.47600173950195,49.47600173950195,48.305999755859375,48.42250061035156,29568000,0,0.0
2017-10-24,48.5,48.61149978637695,48.04999923706055,48.527000427246094,24244000,0,0.0
2017-10-25,48.41849899291992,48.804500579833984,48.0260009765625,48.666500091552734,24226000,0,0.0
2017-10-26,49.0,49.380001068115234,48.61000061035156,48.62799835205078,40842000,0,0.0
2017-10-27,50.45949935913086,52.419498443603516,50.40999984741211,50.9635009765625,103354000,0,0.0
2017-10-30,50.70000076293945,51.24850082397461,50.375,50.855499267578125,41702000,0,0.0
2017-10-31,50.76100158691406,51.20000076293945,50.520999908447266,50.832000732421875,26614000,0,0.0
2017-11-01,50.86050033569336,51.48350143432617,50.84749984741211,51.275001525878906,27468000,0,0.0
2017-11-02,51.0880012512207,51.40449905395508,50.6505012512207,51.27899932861328,20980000,0,0.0
2017-11-03,51.105499267578125,51.63249969482422,51.015499114990234,51.624000549316406,21528000,0,0.0
2017-11-06,51.449501037597656,51.743499755859375,51.25,51.29499816894531,22504000,0,0.0
2017-11-07,51.36349868774414,51.69850158691406,51.256500244140625,51.666500091552734,22246000,0,0.0
2017-11-08,51.5260009765625,52.17610168457031,51.42250061035156,51.99250030517578,21774000,0,0.0
2017-11-09,51.699501037597656,51.699501037597656,50.983299255371094,51.5629997253418,24904000,0,0.0
2017-11-10,51.323001861572266,51.53799819946289,51.263999938964844,51.403499603271484,14400000,0,0.0
2017-11-13,51.17100143432617,51.57899856567383,51.128501892089844,51.287498474121094,17716000,0,0.0
2017-11-14,51.12950134277344,51.34049987792969,50.70750045776367,51.29999923706055,19184000,0,0.0
2017-11-15,50.96049880981445,51.204498291015625,50.770999908447266,51.045501708984375,17080000,0,0.0
2017-11-16,51.125999450683594,51.79600143432617,51.125999450683594,51.625,22594000,0,0.0
2017-11-17,51.70050048828125,51.72100067138672,50.88750076293945,50.954498291015625,27942000,0,0.0
2017-11-20,51.01300048828125,51.13050079345703,50.875,50.91899871826172,19070000,0,0.0
2017-11-21,51.16550064086914,51.75550079345703,51.13275146484375,51.7244987487793,21940000,0,0.0
2017-11-22,51.75,51.98529815673828,51.57149887084961,51.79800033569336,14926000,0,0.0
2017-11-24,51.79349899291992,52.15890121459961,51.75,52.03049850463867,10740000,0,0.0
2017-11-27,52.0,52.77299880981445,51.922000885009766,52.71049880981445,26158000,0,0.0
2017-11-28,52.75450134277344,53.118751525878906,52.0,52.37049865722656,28488000,0,0.0
2017-11-29,52.13399887084961,52.20399856567383,50.782501220703125,51.08300018310547,49188000,0,0.0
2017-11-30,51.118499755859375,51.42449951171875,50.75,51.070499420166016,34480000,0,0.0
2017-12-01,50.790000915527344,51.1245002746582,50.10100173950195,50.50849914550781,38192000,0,0.0
2017-12-04,50.632999420166016,50.80500030517578,49.778499603271484,49.933998107910156,38128000,0,0.0
2017-12-05,49.797000885009766,51.03049850463867,49.41400146484375,50.25749969482422,41346000,0,0.0
2017-12-06,50.07500076293945,51.24850082397461,50.05699920654297,50.91899871826172,25440000,0,0.0
2017-12-07,51.02149963378906,51.71200180053711,50.90354919433594,51.54650115966797,29164000,0,0.0
2017-12-08,51.8745002746582,52.102500915527344,51.6260986328125,51.852500915527344,25816000,0,0.0
2017-12-11,51.775001525878906,52.189998626708984,51.602500915527344,52.05500030517578,23856000,0,0.0
2017-12-12,51.98149871826172,52.515499114990234,51.68450164794922,52.02399826049805,25590000,0,0.0
2017-12-13,52.305999755859375,52.333248138427734,51.91899871826172,52.03049850463867,25654000,0,0.0
2017-12-14,52.25,52.92499923706055,52.15549850463867,52.45750045776367,31174000,0,0.0
2017-12-15,52.730499267578125,53.38100051879883,52.474998474121094,53.20949935913086,65518000,0,0.0
2017-12-18,53.30400085449219,53.92449951171875,53.099998474121094,53.856998443603516,31092000,0,0.0
2017-12-19,53.7599983215332,53.84199905395508,53.1775016784668,53.534000396728516,26774000,0,0.0
2017-12-20,53.5890007019043,53.66899871826172,53.07600021362305,53.247501373291016,25372000,0,0.0
2017-12-21,53.247501373291016,53.46649932861328,53.089698791503906,53.18149948120117,19914000,0,0.0
2017-12-22,53.05550003051758,53.209999084472656,52.97200012207031,53.00600051879883,15102000,0,0.0
2017-12-26,52.903499603271484,53.00600051879883,52.5099983215332,52.83700180053711,15212000,0,0.0
2017-12-27,52.86949920654297,52.91849899291992,52.40250015258789,52.46849822998047,25438000,0,0.0
2017-12-28,52.58000183105469,52.73749923706055,52.23849868774414,52.40700149536133,16742000,0,0.0
2017-12-29,52.33599853515625,52.48500061035156,52.244998931884766,52.31999969482422,17750000,0,0.0
2018-01-02,52.41699981689453,53.34700012207031,52.26150131225586,53.25,24752000,0,0.0
2018-01-03,53.21549987792969,54.31449890136719,53.160499572753906,54.124000549316406,28604000,0,0.0
2018-01-04,54.400001525878906,54.67850112915039,54.20009994506836,54.31999969482422,20092000,0,0.0
2018-01-05,54.70000076293945,55.212501525878906,54.599998474121094,55.11149978637695,25582000,0,0.0
2018-01-08,55.11149978637695,55.563499450683594,55.08100128173828,55.34700012207031,20952000,0,0.0
2018-01-09,55.470001220703125,55.528499603271484,55.06155014038086,55.3129997253418,18050000,0,0.0
2018-01-10,54.85499954223633,55.22999954223633,54.80550003051758,55.13050079345703,20856000,0,0.0
2018-01-11,55.314998626708984,55.32624816894531,54.97949981689453,55.2760009765625,19566000,0,0.0
2018-01-12,55.12049865722656,56.214500427246094,55.057498931884766,56.112998962402344,34410000,0,0.0
2018-01-16,56.6254997253418,56.99549865722656,55.8916015625,56.0880012512207,31506000,0,0.0
2018-01-17,56.31100082397461,56.630001068115234,55.85049819946289,56.5989990234375,24052000,0,0.0
2018-01-18,56.570499420166016,56.6254997253418,55.875,56.489498138427734,23964000,0,0.0
2018-01-19,56.59149932861328,56.893001556396484,56.415000915527344,56.8754997253418,35564000,0,0.0
2018-01-22,56.8745002746582,57.99399948120117,56.75550079345703,57.79050064086914,32360000,0,0.0
2018-01-23,57.99250030517578,58.58134841918945,57.9375,58.49850082397461,26662000,0,0.0
2018-01-24,58.86650085449219,58.99300003051758,58.0525016784668,58.21200180053711,28332000,0,0.0
2018-01-25,58.62649917602539,58.797000885009766,58.13800048828125,58.51850128173828,29610000,0,0.0
2018-01-26,58.75400161743164,58.79199981689453,57.90549850463867,58.79199981689453,40376000,0,0.0
2018-01-29,58.82400131225586,59.34450149536133,58.5989990234375,58.77899932861328,27578000,0,0.0
2018-01-30,58.39149856567383,58.82600021362305,58.17599868774414,58.18450164794922,31126000,0,0.0
2018-01-31,58.528499603271484,58.650001525878906,57.95650100708008,58.49700164794922,30774000,0,0.0
2018-02-01,58.13050079345703,58.70000076293945,57.875999450683594,58.3849983215332,48242000,0,0.0
2018-02-02,56.099998474121094,56.153499603271484,55.36389923095703,55.595001220703125,97158000,0,0.0
2018-02-05,54.529998779296875,55.5,52.60150146484375,52.790000915527344,75966000,0,0.0
2018-02-06,51.35900115966797,54.08549880981445,51.1568489074707,54.029998779296875,68960000,0,0.0
2018-02-07,54.07699966430664,54.0890007019043,52.41299819946289,52.42900085449219,47384000,0,0.0
2018-02-08,52.77050018310547,52.930999755859375,50.03300094604492,50.07600021362305,57182000,0,0.0
2018-02-09,50.86249923706055,52.19850158691406,49.62799835205078,51.888999938964844,70118000,0,0.0
2018-02-12,52.400001525878906,53.07500076293945,52.0463981628418,52.59700012207031,41154000,0,0.0
2018-02-13,52.25,52.91849899291992,52.204349517822266,52.60499954223633,25302000,0,0.0
2018-02-14,52.4474983215332,53.58599853515625,52.337501525878906,53.48500061035156,31116000,0,0.0
2018-02-15,53.95349884033203,54.573951721191406,53.21699905395508,54.47600173950195,36868000,0,0.0
2018-02-16,54.420501708984375,55.23350143432617,54.4156494140625,54.7400016784668,33590000,0,0.0
2018-02-20,54.528499603271484,55.6974983215332,54.42599868774414,55.12300109863281,28462000,0,0.0
2018-02-21,55.32350158691406,56.69850158691406,55.31650161743164,55.56700134277344,30258000,0,0.0
2018-02-22,55.80950164794922,56.14099884033203,55.12950134277344,55.33150100708008,26344000,0,0.0
2018-02-23,55.63199996948242,56.36399841308594,55.23569869995117,56.339500427246094,25220000,0,0.0
2018-02-26,56.38999938964844,57.198001861572266,56.33475112915039,57.1875,31182000,0,0.0
2018-02-27,57.0620002746582,57.20199966430664,55.900001525878906,55.91450119018555,35482000,0,0.0
2018-02-28,56.1515007019043,56.37649917602539,55.1619987487793,55.23649978637695,37652000,0,0.0
2018-03-01,55.39350128173828,55.50600051879883,53.35005187988281,53.47600173950195,50318000,0,0.0
2018-03-02,52.65399932861328,54.09994888305664,52.4057502746582,53.94599914550781,45432000,0,0.0
2018-03-05,53.75699996948242,54.85499954223633,53.45000076293945,54.54650115966797,24044000,0,0.0
2018-03-06,54.96099853515625,55.092498779296875,54.48875045776367,54.75299835205078,30656000,0,0.0
2018-03-07,54.45949935913086,55.611000061035156,54.27410125732422,55.481998443603516,25850000,0,0.0
2018-03-08,55.76599884033203,56.380001068115234,55.63999938964844,56.29999923706055,27102000,0,0.0
2018-03-09,56.79999923706055,58.040000915527344,56.623050689697266,58.00199890136719,42560000,0,0.0
2018-03-12,58.192501068115234,58.852500915527344,57.87099838256836,58.224998474121094,43446000,0,0.0
2018-03-13,58.5,58.8380012512207,56.666500091552734,56.90850067138672,38144000,0,0.0
2018-03-14,57.260501861572266,57.929500579833984,57.071998596191406,57.4744987487793,25828000,0,0.0
2018-03-15,57.49800109863281,58.05400085449219,56.72700119018555,57.479000091552734,27908000,0,0.0
2018-03-16,57.707000732421875,57.79399871826172,56.597999572753906,56.7864990234375,61840000,0,0.0
2018-03-19,56.0004997253418,56.0994987487793,54.45050048828125,54.99100112915039,56118000,0,0.0
2018-03-20,54.95000076293945,55.2599983215332,54.17300033569336,54.885501861572266,36638000,0,0.0
2018-03-21,54.637001037597656,55.314998626708984,54.25749969482422,54.54399871826172,37578000,0,0.0
2018-03-22,54.09400177001953,54.14500045776367,52.295501708984375,52.45399856567383,53340000,0,0.0
2018-03-23,52.35150146484375,53.167999267578125,51.06100082397461,51.07849884033203,43134000,0,0.0
2018-03-26,52.29999923706055,52.78150177001953,50.41999816894531,52.660499572753906,53302000,0,0.0
2018-03-27,53.150001525878906,53.24195098876953,49.84600067138672,50.255001068115234,61906000,0,0.0
2018-03-28,49.900001525878906,51.21149826049805,49.03200149536133,50.22800064086914,67386000,0,0.0
2018-03-29,50.58150100708008,52.150001525878906,50.14500045776367,51.589500427246094,54536000,0,0.0
2018-04-02,51.14099884033203,51.7400016784668,49.51850128173828,50.32350158691406,53608000,0,0.0
2018-04-03,50.695499420166016,51.04949951171875,49.70349884033203,50.670501708984375,45502000,0,0.0
2018-04-04,49.670501708984375,51.4359016418457,49.650001525878906,51.25699996948242,49694000,0,0.0
2018-04-05,52.06650161743164,52.13949966430664,51.00654983520508,51.390499114990234,27260000,0,0.0
2018-04-06,51.0,51.57099914550781,50.1515007019043,50.35200119018555,34928000,0,0.0
2018-04-09,50.84000015258789,51.97999954223633,50.70399856567383,50.772499084472656,35032000,0,0.0
2018-04-10,51.321998596191406,51.81399917602539,50.56700134277344,51.582000732421875,39490000,0,0.0
2018-04-11,51.39950180053711,51.568199157714844,50.79349899291992,50.99850082397461,29678000,0,0.0
2018-04-12,51.25199890136719,52.03450012207031,51.07175064086914,51.6254997253418,27140000,0,0.0
2018-04-13,52.04399871826172,52.32099914550781,51.14899826049805,51.4635009765625,24460000,0,0.0
2018-04-16,51.849998474121094,52.1619987487793,51.33700180053711,51.89899826049805,24224000,0,0.0
2018-04-17,52.56850051879883,53.89400100708008,52.41299819946289,53.70800018310547,46406000,0,0.0
2018-04-18,53.871498107910156,53.871498107910156,53.311248779296875,53.604000091552734,26882000,0,0.0
2018-04-19,53.470001220703125,54.708248138427734,53.409000396728516,54.3849983215332,34954000,0,0.0
2018-04-20,54.099998474121094,54.61750030517578,53.47850036621094,53.64799880981445,37794000,0,0.0
2018-04-23,53.893001556396484,54.13600158691406,53.03499984741211,53.372501373291016,46826000,0,0.0
2018-04-24,52.599998474121094,52.849998474121094,50.52949905395508,50.999000549316406,95206000,0,0.0
2018-04-25,51.2760009765625,51.6245002746582,50.765499114990234,51.058998107910156,47822000,0,0.0
2018-04-26,51.47549819946289,52.39899826049805,50.90950012207031,52.00199890136719,41590000,0,0.0
2018-04-27,52.29999923706055,52.474998474121094,51.27949905395508,51.502498626708984,32396000,0,0.0
2018-04-30,51.5004997253418,51.849998474121094,50.842498779296875,50.86650085449219,33426000,0,0.0
2018-05-01,50.68299865722656,51.923500061035156,50.410499572753906,51.865501403808594,28558000,0,0.0
2018-05-02,51.404998779296875,52.01945114135742,51.14350128173828,51.21900177001953,32062000,0,0.0
2018-05-03,50.95000076293945,51.48374938964844,50.31449890136719,51.18600082397461,36302000,0,0.0
2018-05-04,50.845001220703125,52.425498962402344,50.845001220703125,52.410499572753906,38774000,0,0.0
2018-05-07,52.46149826049805,53.08399963378906,52.35499954223633,52.739498138427734,29322000,0,0.0
2018-05-08,52.926998138427734,53.02750015258789,52.35725021362305,52.695499420166016,24354000,0,0.0
2018-05-09,52.904998779296875,54.27199935913086,52.8182487487793,54.13800048828125,40656000,0,0.0
2018-05-10,54.30149841308594,55.02199935913086,54.28200149536133,54.878501892089844,28860000,0,0.0
2018-05-11,54.68000030517578,55.06650161743164,54.545501708984375,54.91299819946289,25074000,0,0.0
2018-05-14,55.0,55.537498474121094,54.955501556396484,55.0099983215332,30362000,0,0.0
2018-05-15,54.5,54.502498626708984,53.673500061035156,53.96149826049805,29898000,0,0.0
2018-05-16,53.865501403808594,54.4635009765625,53.8129997253418,54.0885009765625,21946000,0,0.0
2018-05-17,53.99449920654297,54.34349822998047,53.67499923706055,53.929500579833984,20876000,0,0.0
2018-05-18,53.09299850463867,53.49700164794922,53.034000396728516,53.31800079345703,31304000,0,0.0
2018-05-21,53.702999114990234,54.400001525878906,53.682498931884766,53.979000091552734,20464000,0,0.0
2018-05-22,54.178001403808594,54.329498291015625,53.33449935913086,53.48649978637695,21800000,0,0.0
2018-05-23,53.256500244140625,54.03900146484375,53.08549880981445,53.984500885009766,21214000,0,0.0
2018-05-24,53.95000076293945,54.02349853515625,53.307498931884766,53.96200180053711,15336000,0,0.0
2018-05-25,53.95100021362305,54.12799835205078,53.688751220703125,53.78300094604492,17988000,0,0.0
2018-05-29,53.24449920654297,53.66849899291992,52.76100158691406,53.01599884033203,37302000,0,0.0
2018-05-30,53.1515007019043,53.46049880981445,52.84149932861328,53.38999938964844,22770000,0,0.0
2018-05-31,53.37799835205078,54.859500885009766,53.37799835205078,54.2495002746582,61766000,0,0.0
2018-06-01,54.967498779296875,56.0,54.92499923706055,55.974998474121094,48432000,0,0.0
2018-06-04,56.11650085449219,57.09450149536133,56.100250244140625,56.964500427246094,37792000,0,0.0
2018-06-05,57.04949951171875,57.28689956665039,56.65950012207031,56.983001708984375,33560000,0,0.0
2018-06-06,57.10850143432617,57.150001525878906,56.28715133666992,56.84400177001953,33964000,0,0.0
2018-06-07,56.566001892089844,56.79100036621094,55.82600021362305,56.19300079345703,30400000,0,0.0
2018-06-08,55.909000396728516,56.333499908447266,55.60749816894531,56.04349899291992,25816000,0,0.0
2018-06-11,55.93000030517578,56.862998962402344,55.93000030517578,56.4995002746582,21586000,0,0.0
2018-06-12,56.55350112915039,56.989498138427734,56.53675079345703,56.965999603271484,18240000,0,0.0
2018-06-13,57.055999755859375,57.32500076293945,56.66899871826172,56.739498138427734,30128000,0,0.0
2018-06-14,57.192501068115234,57.77349853515625,57.03200149536133,57.60599899291992,26868000,0,0.0
2018-06-15,57.44300079345703,57.67100143432617,57.174251556396484,57.612998962402344,42450000,0,0.0
2018-06-18,57.182498931884766,58.71549987792969,57.179500579833984,58.67300033569336,28274000,0,0.0
2018-06-19,57.92499923706055,58.563499450683594,57.70050048828125,58.40299987792969,32420000,0,0.0
2018-06-20,58.765499114990234,59.314300537109375,58.45800018310547,58.492000579833984,32970000,0,0.0
2018-06-21,58.74250030517578,58.864749908447266,57.61159896850586,57.882999420166016,24762000,0,0.0
2018-06-22,57.957000732421875,58.12485122680664,57.362998962402344,57.77399826049805,26220000,0,0.0
2018-06-25,57.18000030517578,57.195499420166016,55.638999938964844,56.240501403808594,43146000,0,0.0
2018-06-26,56.400001525878906,56.660499572753906,55.832950592041016,55.92300033569336,31264000,0,0.0
2018-06-27,56.06700134277344,56.591800689697266,55.180999755859375,55.19900131225586,25878000,0,0.0
2018-06-28,55.10449981689453,56.115501403808594,54.800498962402344,55.71099853515625,21448000,0,0.0
2018-06-29,56.0,56.41135025024414,55.75,55.782501220703125,26302000,0,0.0
2018-07-02,54.95000076293945,56.400001525878906,54.689998626708984,56.37300109863281,24346000,0,0.0
2018-07-03,56.79100036621094,56.79100036621094,55.000999450683594,55.144500732421875,13580000,0,0.0
2018-07-05,55.5265007019043,56.375,55.42399978637695,56.2135009765625,21334000,0,0.0
2018-07-06,56.17900085449219,57.04650115966797,56.03684997558594,57.00849914550781,19922000,0,0.0
2018-07-09,57.42399978637695,57.73350143432617,57.17100143432617,57.70249938964844,18180000,0,0.0
2018-07-10,57.8489990234375,57.97949981689453,57.47949981689453,57.641998291015625,15968000,0,0.0
2018-07-11,57.22949981689453,58.214500427246094,57.04999923706055,57.69499969482422,22400000,0,0.0
2018-07-12,57.99449920654297,59.22050094604492,57.796749114990234,59.17399978637695,25038000,0,0.0
2018-07-13,59.25,59.770851135253906,59.0,59.441001892089844,24438000,0,0.0
2018-07-16,59.46950149536133,59.54999923706055,58.9640007019043,59.19300079345703,21114000,0,0.0
2018-07-17,58.611000061035156,60.152000427246094,58.529998779296875,59.939998626708984,32208000,0,0.0
2018-07-18,59.827999114990234,60.224998474121094,59.516998291015625,59.79399871826172,27872000,0,0.0
2018-07-19,59.54999923706055,60.0,59.16600036621094,59.347999572753906,25534000,0,0.0
2018-07-20,59.347999572753906,59.84299850463867,59.21099853515625,59.24549865722656,24948000,0,0.0
2018-07-23,59.050498962402344,60.324501037597656,59.04999923706055,60.275001525878906,52384000,0,0.0
2018-07-24,63.12950134277344,63.29999923706055,61.77799987792969,62.40399932861328,66364000,0,0.0
2018-07-25,61.95650100708008,63.292999267578125,61.95650100708008,63.185001373291016,42556000,0,0.0
2018-07-26,62.54999923706055,63.488548278808594,62.45100021362305,63.416500091552734,48112000,0,0.0
2018-07-27,63.54999923706055,63.69449996948242,61.54999923706055,61.92499923706055,42612000,0,0.0
2018-07-30,61.4005012512207,61.74580001831055,60.57350158691406,60.98699951171875,36998000,0,0.0
2018-07-31,61.0004997253418,61.379398345947266,60.279998779296875,60.862998962402344,32894000,0,0.0
2018-08-01,61.400001525878906,61.673500061035156,60.510501861572266,61.0004997253418,31344000,0,0.0
2018-08-02,60.29499816894531,61.49399948120117,60.239498138427734,61.307498931884766,30626000,0,0.0
2018-08-03,61.48099899291992,61.5,60.75299835205078,61.18550109863281,21792000,0,0.0
2018-08-06,61.25,61.30440139770508,60.78984832763672,61.23849868774414,21634000,0,0.0
2018-08-07,61.849998474121094,62.55849838256836,61.80849838256836,62.111000061035156,29880000,0,0.0
2018-08-08,62.02349853515625,62.82500076293945,61.90039825439453,62.28049850463867,27406000,0,0.0
2018-08-09,62.494998931884766,62.777099609375,62.300498962402344,62.45500183105469,16972000,0,0.0
2018-08-10,62.150001525878906,62.284751892089844,61.599998474121094,61.88050079345703,22174000,0,0.0
2018-08-13,61.8489990234375,62.46364974975586,61.68204879760742,61.7504997253418,19946000,0,0.0
2018-08-14,61.759498596191406,62.29349899291992,61.25550079345703,62.10499954223633,26962000,0,0.0
2018-08-15,61.4630012512207,61.762001037597656,60.47549819946289,60.71900177001953,36576000,0,0.0
2018-08-16,61.23649978637695,61.29999923706055,60.127498626708984,60.324501037597656,26864000,0,0.0
2018-08-17,60.10150146484375,60.45100021362305,59.4119987487793,60.04800033569336,27792000,0,0.0
2018-08-20,60.250999450683594,60.54999923706055,59.731300354003906,60.38850021362305,17416000,0,0.0
2018-08-21,60.400001525878906,60.862998962402344,60.0177001953125,60.08100128173828,24112000,0,0.0
2018-08-22,60.0,60.59199905395508,59.95000076293945,60.36650085449219,17748000,0,0.0
2018-08-23,60.356998443603516,61.06399917602539,60.21200180053711,60.26900100708008,19852000,0,0.0
2018-08-24,60.441001892089844,61.08250045776367,60.31795120239258,61.032501220703125,18932000,0,0.0
2018-08-27,61.380001068115234,62.15449905395508,61.28580093383789,62.090999603271484,23126000,0,0.0
2018-08-28,62.06449890136719,62.12725067138672,61.43450164794922,61.557498931884766,26080000,0,0.0
2018-08-29,61.872501373291016,62.53300094604492,61.81795120239258,62.46500015258789,25978000,0,0.0
2018-08-30,62.21149826049805,62.6817512512207,61.62950134277344,61.95600128173828,26628000,0,0.0
2018-08-31,61.749000549316406,61.93299865722656,60.56425094604492,60.90950012207031,36328000,0,0.0
2018-09-04,60.2135009765625,60.64950180053711,59.625,59.849998474121094,36620000,0,0.0
2018-09-05,59.689998626708984,59.95050048828125,58.099998474121094,59.32400131225586,41226000,0,0.0
2018-09-06,59.314998626708984,59.314998626708984,57.599998474121094,58.571998596191406,37770000,0,0.0
2018-09-07,57.93349838256836,58.76300048828125,57.860748291015625,58.24150085449219,28026000,0,0.0
2018-09-10,58.609500885009766,58.72700119018555,58.00550079345703,58.231998443603516,22308000,0,0.0
2018-09-11,58.08150100708008,58.933998107910156,57.8120002746582,58.86800003051758,24186000,0,0.0
2018-09-12,58.63600158691406,58.93050003051758,57.917999267578125,58.14099884033203,25910000,0,0.0
2018-09-13,58.5369987487793,58.93050003051758,58.14250183105469,58.76649856567383,28624000,0,0.0
2018-09-14,58.95500183105469,59.0212516784668,58.416500091552734,58.62649917602539,18880000,0,0.0
2018-09-17,58.50699996948242,58.86199951171875,57.701499938964844,57.8025016784668,26130000,0,0.0
2018-09-18,57.85449981689453,58.80400085449219,57.85449981689453,58.06100082397461,24072000,0,0.0
2018-09-19,58.249000549316406,58.660499572753906,57.729000091552734,58.554500579833984,23828000,0,0.0
2018-09-20,58.9995002746582,59.49449920654297,58.667999267578125,59.34349822998047,24508000,0,0.0
2018-09-21,59.599998474121094,59.61050033569336,58.301998138427734,58.304500579833984,88112000,0,0.0
2018-09-24,57.85850143432617,58.900001525878906,57.34550094604492,58.66849899291992,25420000,0,0.0
2018-09-25,58.807498931884766,59.34400177001953,58.400001525878906,59.23249816894531,19554000,0,0.0
2018-09-26,59.25749969482422,59.71149826049805,58.738250732421875,59.02450180053711,29246000,0,0.0
2018-09-27,59.33649826049805,60.10499954223633,59.18149948120117,59.731998443603516,25216000,0,0.0
2018-09-28,59.59349822998047,59.77050018310547,59.224998474121094,59.673500061035156,27612000,0,0.0
2018-10-01,59.99449920654297,60.494998931884766,59.51499938964844,59.765499114990234,27152000,0,0.0
2018-10-02,59.54800033569336,60.49800109863281,59.33150100708008,60.00550079345703,33758000,0,0.0
2018-10-03,60.25,60.320499420166016,59.69150161743164,60.147499084472656,25124000,0,0.0
2018-10-04,59.76649856567383,59.8754997253418,57.77880096435547,58.40950012207031,44190000,0,0.0
2018-10-05,58.375,58.67499923706055,57.25600051879883,57.86750030517578,23686000,0,0.0
2018-10-08,57.50550079345703,58.400001525878906,56.36819839477539,57.44850158691406,38648000,0,0.0
2018-10-09,57.307498931884766,57.717498779296875,56.87860107421875,56.941001892089844,26174000,0,0.0
2018-10-10,56.55400085449219,56.60850143432617,54.05649948120117,54.06100082397461,53514000,0,0.0
2018-10-11,53.64699935913086,55.31999969482422,53.41350173950195,53.965999603271484,58980000,0,0.0
2018-10-12,55.400001525878906,55.75,54.320098876953125,55.50400161743164,42026000,0,0.0
2018-10-15,55.445499420166016,55.672298431396484,54.45000076293945,54.61249923706055,27448000,0,0.0
2018-10-16,55.22949981689453,56.21099853515625,55.125,56.06399917602539,38570000,0,0.0
2018-10-17,56.323001861572266,56.449501037597656,55.109500885009766,55.78450012207031,29344000,0,0.0
2018-10-18,56.09199905395508,56.09199905395508,53.85449981689453,54.39849853515625,41890000,0,0.0
2018-10-19,54.66849899291992,55.518001556396484,54.38750076293945,54.823001861572266,25352000,0,0.0
2018-10-22,55.15299987792969,55.61149978637695,54.54999923706055,55.05799865722656,30284000,0,0.0
2018-10-23,54.044498443603516,55.394500732421875,53.5,55.18450164794922,36974000,0,0.0
2018-10-24,55.212501525878906,55.305999755859375,52.4370002746582,52.535499572753906,39648000,0,0.0
2018-10-25,53.589500427246094,55.54899978637695,53.477500915527344,54.778499603271484,50916000,0,0.0
2018-10-26,51.85150146484375,55.326499938964844,51.704498291015625,53.57350158691406,83752000,0,0.0
2018-10-29,54.12350082397461,54.85200119018555,49.791500091552734,51.00400161743164,77614000,0,0.0
2018-10-30,50.42300033569336,51.8745002746582,50.037498474121094,51.81050109863281,64254000,0,0.0
2018-10-31,52.990501403808594,54.59700012207031,52.849998474121094,53.8385009765625,50596000,0,0.0
2018-11-01,53.790000915527344,54.19874954223633,53.12300109863281,53.5,29640000,0,0.0
2018-11-02,53.686500549316406,54.14875030517578,52.730499267578125,52.88949966430664,36780000,0,0.0
2018-11-05,52.75,52.923500061035156,51.0620002746582,52.00450134277344,48828000,0,0.0
2018-11-06,51.9739990234375,53.21725082397461,51.903499603271484,52.79050064086914,24666000,0,0.0
2018-11-07,53.45000076293945,54.77299880981445,53.29499816894531,54.669498443603516,41168000,0,0.0
2018-11-08,54.569000244140625,54.66350173950195,53.61024856567383,54.119998931884766,29764000,0,0.0
2018-11-09,53.699501037597656,53.77799987792969,52.65549850463867,53.307498931884766,26864000,0,0.0
2018-11-12,53.06949996948242,53.10599899291992,51.54999923706055,51.93149948120117,29436000,0,0.0
2018-11-13,52.16450119018555,52.83024978637695,51.557498931884766,51.8025016784668,30274000,0,0.0
2018-11-14,52.5,52.72819900512695,51.54999923706055,52.18299865722656,31318000,0,0.0
2018-11-15,52.23550033569336,53.592498779296875,51.5890007019043,53.23550033569336,36722000,0,0.0
2018-11-16,52.97050094604492,53.349998474121094,52.44900131225586,53.074501037597656,33162000,0,0.0
2018-11-19,52.86000061035156,53.03950119018555,50.8129997253418,51.0,37172000,0,0.0
2018-11-20,50.0,51.58700180053711,49.80099868774414,51.28799819946289,48982000,0,0.0
2018-11-21,51.8380012512207,52.428001403808594,51.673500061035156,51.88050079345703,30686000,0,0.0
2018-11-23,51.5,51.87950134277344,51.11994934082031,51.194000244140625,13830000,0,0.0
2018-11-26,51.91749954223633,52.46549987792969,51.695499420166016,52.430999755859375,38856000,0,0.0
2018-11-27,52.04999923706055,52.87900161743164,51.92449951171875,52.22050094604492,36064000,0,0.0
2018-11-28,52.4379997253418,54.34199905395508,51.78799819946289,54.311500549316406,49508000,0,0.0
2018-11-29,53.80400085449219,54.712249755859375,53.79999923706055,54.415000915527344,29378000,0,0.0
2018-11-30,54.45349884033203,54.778499603271484,53.89400100708008,54.721500396728516,51604000,0,0.0
2018-12-03,56.15700149536133,56.23249816894531,55.183250427246094,55.32149887084961,39824000,0,0.0
2018-12-04,55.15599822998047,55.22100067138672,52.499000549316406,52.54100036621094,46904000,0,0.0
2018-12-06,51.7130012512207,53.560001373291016,51.53850173950195,53.436500549316406,55384000,0,0.0
2018-12-07,53.0004997253418,53.76300048828125,51.42499923706055,51.82899856567383,42024000,0,0.0
2018-12-10,51.752498626708984,52.42250061035156,51.16450119018555,51.977500915527344,36154000,0,0.0
2018-12-11,52.824501037597656,53.029998779296875,51.992000579833984,52.587501525878906,27894000,0,0.0
2018-12-12,53.400001525878906,54.08250045776367,53.13949966430664,53.183998107910156,30476000,0,0.0
2018-12-13,53.403499603271484,53.987998962402344,52.69649887084961,53.095001220703125,26596000,0,0.0
2018-12-14,52.499000549316406,53.130001068115234,52.03950119018555,52.10499954223633,33732000,0,0.0
2018-12-17,51.8754997253418,52.657501220703125,50.39500045776367,50.826499938964844,47708000,0,0.0
2018-12-18,51.304500579833984,52.4739990234375,51.071998596191406,51.43550109863281,43850000,0,0.0
2018-12-19,51.699501037597656,53.099998474121094,50.40250015258789,51.1505012512207,49586000,0,0.0
2018-12-20,50.90650177001953,51.71099853515625,49.81800079345703,50.47050094604492,53470000,0,0.0
2018-12-21,50.76499938964844,51.20100021362305,48.68450164794922,48.97700119018555,91920000,0,0.0
2018-12-24,48.69499969482422,50.176998138427734,48.50550079345703,48.81100082397461,31806000,0,0.0
2018-12-26,49.45050048828125,52.0,49.150001525878906,51.972999572753906,47466000,0,0.0
2018-12-27,50.85749816894531,52.19449996948242,49.849998474121094,52.194000244140625,42196000,0,0.0
2018-12-28,52.48099899291992,52.77799987792969,51.654998779296875,51.854000091552734,28296000,0,0.0
2018-12-31,52.54800033569336,52.6349983215332,51.179500579833984,51.78049850463867,29866000,0,0.0
2019-01-02,50.82849884033203,52.61600112915039,50.785499572753906,52.29249954223633,30652000,0,0.0
2019-01-03,52.04999923706055,52.8489990234375,50.70349884033203,50.803001403808594,36822000,0,0.0
2019-01-04,51.62950134277344,53.54199981689453,51.37089920043945,53.535499572753906,41878000,0,0.0
2019-01-07,53.57500076293945,53.70000076293945,52.737998962402344,53.419498443603516,39638000,0,0.0
2019-01-08,53.80550003051758,54.22800064086914,53.0265007019043,53.81399917602539,35298000,0,0.0
2019-01-09,54.08250045776367,54.131500244140625,53.31999969482422,53.733001708984375,23986000,0,0.0
2019-01-10,53.382999420166016,53.557498931884766,52.885501861572266,53.51649856567383,29128000,0,0.0
2019-01-11,53.159000396728516,53.188751220703125,52.42399978637695,52.859500885009766,30416000,0,0.0
2019-01-14,52.34600067138672,52.576499938964844,52.06275177001953,52.234500885009766,22886000,0,0.0
2019-01-15,52.50849914550781,54.002498626708984,52.367000579833984,53.85749816894531,29272000,0,0.0
2019-01-16,54.0,54.618751525878906,53.96699905395508,54.048500061035156,26636000,0,0.0
2019-01-17,53.9734992980957,54.59000015258789,53.67499923706055,54.494998931884766,24854000,0,0.0
2019-01-18,55.0,55.417598724365234,54.54499816894531,54.91299819946289,39112000,0,0.0
2019-01-22,54.400001525878906,54.57550048828125,53.173500061035156,53.5260009765625,32270000,0,0.0
2019-01-23,53.86750030517578,54.246498107910156,52.98749923706055,53.778499603271484,19340000,0,0.0
2019-01-24,53.82400131225586,53.973751068115234,53.03499984741211,53.69499969482422,27226000,0,0.0
2019-01-25,54.25,54.70000076293945,54.090999603271484,54.54949951171875,22382000,0,0.0
2019-01-28,54.00550079345703,54.150001525878906,53.189998626708984,53.50400161743164,25686000,0,0.0
2019-01-29,53.63399887084961,53.75749969482422,52.793251037597656,53.03099822998047,20436000,0,0.0
2019-01-30,53.42150115966797,54.54999923706055,53.342498779296875,54.452999114990234,25596000,0,0.0
2019-01-31,55.150001525878906,55.86650085449219,54.77050018310547,55.81850051879883,30766000,0,0.0
2019-02-01,55.619998931884766,56.25,55.24449920654297,55.537498474121094,29244000,0,0.0
2019-02-04,55.632999420166016,56.63999938964844,55.45100021362305,56.63999938964844,51530000,0,0.0
2019-02-05,56.242000579833984,57.342498779296875,55.86240005493164,57.29949951171875,71044000,0,0.0
2019-02-06,56.97850036621094,57.349998474121094,55.63850021362305,55.76150131225586,42112000,0,0.0
2019-02-07,55.20800018310547,55.242000579833984,54.29999923706055,54.93550109863281,40896000,0,0.0
2019-02-08,54.349998474121094,54.945499420166016,54.32749938964844,54.75299835205078,21516000,0,0.0
2019-02-11,54.84749984741211,55.29724884033203,54.643001556396484,54.7504997253418,21304000,0,0.0
2019-02-12,55.34000015258789,56.26475143432617,55.29249954223633,56.06850051879883,32182000,0,0.0
2019-02-13,56.2495002746582,56.73649978637695,55.92499923706055,56.007999420166016,20996000,0,0.0
2019-02-14,55.90250015258789,56.4114990234375,55.52225112915039,56.083499908447266,18952000,0,0.0
2019-02-15,56.50400161743164,56.583499908447266,55.532501220703125,55.682498931884766,28996000,0,0.0
2019-02-19,55.5,56.09450149536133,55.5,55.928001403808594,20928000,0,0.0
2019-02-20,55.9995002746582,56.170501708984375,55.263999938964844,55.689998626708984,21756000,0,0.0
2019-02-21,55.54199981689453,55.59700012207031,54.625999450683594,54.8484992980957,28302000,0,0.0
2019-02-22,55.04499816894531,55.5620002746582,54.779998779296875,55.51850128173828,20990000,0,0.0
2019-02-25,55.79999923706055,55.926998138427734,55.36349868774414,55.470001220703125,28262000,0,0.0
2019-02-26,55.287498474121094,55.97549819946289,54.99599838256836,55.756500244140625,29426000,0,0.0
2019-02-27,55.34749984741211,55.89899826049805,55.04999923706055,55.8025016784668,19368000,0,0.0
2019-02-28,55.564998626708984,56.38249969482422,55.550498962402344,55.99599838256836,30850000,0,0.0
2019-03-01,56.244998931884766,57.14849853515625,56.23749923706055,57.04949951171875,29006000,0,0.0
2019-03-04,57.3494987487793,57.91400146484375,56.53450012207031,57.38999938964844,28920000,0,0.0
2019-03-05,57.50299835205078,58.480499267578125,57.309749603271484,58.10150146484375,28864000,0,0.0
2019-03-06,58.1245002746582,58.378299713134766,57.77450180053711,57.893001556396484,21986000,0,0.0
2019-03-07,57.7859992980957,57.83774948120117,56.74549865722656,57.165000915527344,23332000,0,0.0
2019-03-08,56.33649826049805,57.354000091552734,56.165000915527344,57.11600112915039,24248000,0,0.0
2019-03-11,57.22249984741211,58.80950164794922,57.22249984741211,58.78799819946289,34384000,0,0.0
2019-03-12,58.91299819946289,60.0,58.91299819946289,59.65999984741211,40262000,0,0.0
2019-03-13,60.032249450683594,60.04650115966797,59.59700012207031,59.66600036621094,28718000,0,0.0
2019-03-14,59.72549819946289,59.89400100708008,59.2239990234375,59.27750015258789,23456000,0,0.0
2019-03-15,59.66899871826172,59.82849884033203,59.13050079345703,59.222999572753906,49236000,0,0.0
2019-03-18,59.165000915527344,59.5,58.87105178833008,59.2130012512207,25852000,0,0.0
2019-03-19,59.44049835205078,60.0,59.29349899291992,59.942501068115234,30414000,0,0.0
2019-03-20,59.86750030517578,61.356998443603516,59.80849838256836,61.19850158691406,44548000,0,0.0
2019-03-21,60.79999923706055,61.589500427246094,60.657501220703125,61.57699966430664,24080000,0,0.0
2019-03-22,61.316001892089844,61.5,60.14125061035156,60.275001525878906,34284000,0,0.0
2019-03-25,59.846500396728516,60.31990051269531,59.35200119018555,59.650001525878906,29936000,0,0.0
2019-03-26,59.92649841308594,60.14149856567383,58.83599853515625,59.23099899291992,38024000,0,0.0
2019-03-27,59.275001525878906,59.37794876098633,57.96849822998047,58.6510009765625,28004000,0,0.0
2019-03-28,58.57699966430664,58.578250885009766,57.97154998779297,58.42449951171875,19234000,0,0.0
2019-03-29,58.744998931884766,58.949501037597656,58.14400100708008,58.66550064086914,25398000,0,0.0
2019-04-01,59.20500183105469,59.83300018310547,59.099998474121094,59.721500396728516,25050000,0,0.0
2019-04-02,59.76599884033203,60.067501068115234,59.285499572753906,60.02450180053711,16558000,0,0.0
2019-04-03,60.374000549316406,60.814998626708984,60.025001525878906,60.29600143432617,20286000,0,0.0
2019-04-04,60.297000885009766,60.78350067138672,60.20650100708008,60.75,19000000,0,0.0
2019-04-05,60.7495002746582,60.81100082397461,60.25149917602539,60.35749816894531,18144000,0,0.0
2019-04-08,60.394500732421875,60.43450164794922,59.99300003051758,60.19200134277344,17204000,0,0.0
2019-04-09,59.79999923706055,60.114498138427734,59.65399932861328,59.86249923706055,17528000,0,0.0
2019-04-10,60.034000396728516,60.18925094604492,59.82175064086914,60.108001708984375,14492000,0,0.0
2019-04-11,60.198001861572266,60.39799880981445,60.006500244140625,60.23099899291992,14204000,0,0.0
2019-04-12,60.5,60.91749954223633,60.40549850463867,60.89350128173828,18668000,0,0.0
2019-04-15,60.900001525878906,61.209999084472656,60.455501556396484,61.05500030517578,23748000,0,0.0
2019-04-16,61.25,61.54100036621094,61.00600051879883,61.35649871826172,17126000,0,0.0
2019-04-17,61.650001525878906,62.02799987792969,61.39099884033203,61.81700134277344,24438000,0,0.0
2019-04-18,61.95899963378906,62.099998474121094,61.730499267578125,61.81850051879883,26636000,0,0.0
2019-04-22,61.79949951171875,62.454498291015625,61.41550064086914,62.44200134277344,16146000,0,0.0
2019-04-23,62.53450012207031,63.45000076293945,62.319000244140625,63.227500915527344,26398000,0,0.0
2019-04-24,63.20600128173828,63.4005012512207,62.75,62.79999923706055,20376000,0,0.0
2019-04-25,63.23849868774414,63.370399475097656,62.60150146484375,63.17250061035156,22146000,0,0.0
2019-04-26,63.45000076293945,63.653499603271484,63.01599884033203,63.60900115966797,24828000,0,0.0
2019-04-29,63.70000076293945,64.4635009765625,63.31475067138672,64.37899780273438,49988000,0,0.0
2019-04-30,59.25,59.640499114990234,58.75,59.42399978637695,124140000,0,0.0
2019-05-01,59.40250015258789,59.40250015258789,58.35900115966797,58.40399932861328,52784000,0,0.0
2019-05-02,58.38800048828125,58.70949935913086,57.750099182128906,58.13050079345703,38896000,0,0.0
2019-05-03,58.682498931884766,59.34000015258789,58.45000076293945,59.27000045776367,39614000,0,0.0
2019-05-06,58.3129997253418,59.54249954223633,58.3129997253418,59.46950149536133,31278000,0,0.0
2019-05-07,59.02349853515625,59.52199935913086,58.051998138427734,58.70500183105469,31028000,0,0.0
2019-05-08,58.60049819946289,59.02119827270508,58.2869987487793,58.313499450683594,26186000,0,0.0
2019-05-09,57.951499938964844,58.483001708984375,57.54249954223633,58.11899948120117,23714000,0,0.0
2019-05-10,58.179500579833984,58.630001068115234,57.125,58.2135009765625,26290000,0,0.0
2019-05-13,57.097999572753906,57.39699935913086,56.105499267578125,56.60150146484375,37212000,0,0.0
2019-05-14,56.86050033569336,57.020999908447266,55.977500915527344,56.02199935913086,36732000,0,0.0
2019-05-15,55.89350128173828,58.56650161743164,55.83330154418945,58.21049880981445,45786000,0,0.0
2019-05-16,58.22549819946289,59.40800094604492,58.141998291015625,58.94900131225586,30628000,0,0.0
2019-05-17,58.423500061035156,59.00749969482422,58.0004997253418,58.1150016784668,24172000,0,0.0
2019-05-20,57.224998474121094,57.33985137939453,56.57215118408203,56.942501068115234,27066000,0,0.0
2019-05-21,57.42449951171875,57.635398864746094,56.89699935913086,57.48149871826172,23196000,0,0.0
2019-05-22,57.337501525878906,57.92599868774414,57.294498443603516,57.57099914550781,18290000,0,0.0
2019-05-23,57.025001525878906,57.298648834228516,56.46120071411133,57.03850173950195,23978000,0,0.0
2019-05-24,57.36800003051758,57.488250732421875,56.58300018310547,56.673500061035156,22240000,0,0.0
2019-05-28,56.70000076293945,57.579349517822266,56.65599822998047,56.70750045776367,27300000,0,0.0
2019-05-29,56.375999450683594,56.45500183105469,55.4109992980957,55.823001861572266,30764000,0,0.0
2019-05-30,55.777000427246094,56.15650177001953,55.60599899291992,55.897499084472656,19038000,0,0.0
2019-05-31,55.06449890136719,55.47999954223633,55.00899887084961,55.18149948120117,30156000,0,0.0
2019-06-03,53.275001525878906,53.275001525878906,51.25,51.811500549316406,102612000,0,0.0
2019-06-04,52.14500045776367,52.8025016784668,51.68450164794922,52.65250015258789,56670000,0,0.0
2019-06-05,52.57699966430664,52.6775016784668,51.52450180053711,52.111000061035156,43368000,0,0.0
2019-06-06,52.2495002746582,52.3745002746582,51.685001373291016,52.21699905395508,34064000,0,0.0
2019-06-07,52.53150177001953,53.54600143432617,52.41999816894531,53.301998138427734,36048000,0,0.0
2019-06-10,53.64899826049805,54.632999420166016,53.6161003112793,54.01900100708008,29284000,0,0.0
2019-06-11,54.69900131225586,55.0994987487793,53.880149841308594,53.93600082397461,28734000,0,0.0
2019-06-12,53.900001525878906,54.04650115966797,53.37699890136719,53.85150146484375,21220000,0,0.0
2019-06-13,54.18199920654297,54.708499908447266,54.00749969482422,54.438499450683594,21154000,0,0.0
2019-06-14,54.32099914550781,54.634498596191406,54.00859832763672,54.26750183105469,22230000,0,0.0
2019-06-17,54.31399917602539,54.95899963378906,54.31399917602539,54.625,18832000,0,0.0
2019-06-18,55.484500885009766,55.81949996948242,54.949501037597656,55.18000030517578,27734000,0,0.0
2019-06-19,55.279998779296875,55.349998474121094,54.67399978637695,55.11650085449219,26776000,0,0.0
2019-06-20,55.9995002746582,56.00600051879883,55.23699951171875,55.57099914550781,25240000,0,0.0
2019-06-21,55.46200180053711,56.205501556396484,55.40399932861328,56.09400177001953,38952000,0,0.0
2019-06-24,55.980499267578125,56.099998474121094,55.550498962402344,55.7760009765625,27912000,0,0.0
2019-06-25,55.632999420166016,55.717498779296875,54.189998626708984,54.317501068115234,30938000,0,0.0
2019-06-26,54.32500076293945,54.64849853515625,53.61199951171875,53.9900016784668,36218000,0,0.0
2019-06-27,54.20000076293945,54.35499954223633,53.76449966430664,53.800498962402344,20086000,0,0.0
2019-06-28,53.81949996948242,54.04999923706055,53.66849899291992,54.045501708984375,33864000,0,0.0
2019-07-01,54.900001525878906,55.37900161743164,54.685150146484375,54.897499084472656,28726000,0,0.0
2019-07-02,55.11199951171875,55.5885009765625,54.90850067138672,55.5625,19832000,0,0.0
2019-07-03,55.87049865722656,56.3380012512207,55.69300079345703,56.07899856567383,15340000,0,0.0
2019-07-05,55.88999938964844,56.64400100708008,55.80699920654297,56.579498291015625,25286000,0,0.0
2019-07-08,56.25849914550781,56.29899978637695,55.56050109863281,55.817501068115234,24728000,0,0.0
2019-07-09,55.59000015258789,56.401248931884766,55.35850143432617,56.24150085449219,26608000,0,0.0
2019-07-10,56.56100082397461,57.102500915527344,56.548500061035156,57.02399826049805,24190000,0,0.0
2019-07-11,57.162498474121094,57.653499603271484,56.979000091552734,57.21049880981445,23910000,0,0.0
2019-07-12,57.199501037597656,57.367000579833984,56.93899917602539,57.244998931884766,17280000,0,0.0
2019-07-15,57.34299850463867,57.54100036621094,56.970001220703125,57.516998291015625,18076000,0,0.0
2019-07-16,57.29999923706055,57.92900085449219,57.25,57.67900085449219,24776000,0,0.0
2019-07-17,57.548500061035156,57.917999267578125,57.28850173950195,57.317501068115234,23400000,0,0.0
2019-07-18,57.08700180053711,57.3802490234375,56.63650131225586,57.31650161743164,25814000,0,0.0
2019-07-19,57.40950012207031,57.55699920654297,56.48099899291992,56.505001068115234,32944000,0,0.0
2019-07-22,56.67250061035156,56.962501525878906,56.21200180053711,56.903499603271484,26030000,0,0.0
2019-07-23,57.20000076293945,57.345001220703125,56.59000015258789,57.31050109863281,21874000,0,0.0
2019-07-24,56.595001220703125,57.20000076293945,56.3494987487793,56.890499114990234,31796000,0,0.0
2019-07-25,56.89099884033203,57.084999084472656,56.04600143432617,56.60599899291992,44196000,0,0.0
2019-07-26,61.20199966430664,63.27750015258789,61.20000076293945,62.52050018310547,96116000,0,0.0
2019-07-29,62.0525016784668,62.368499755859375,61.4114990234375,61.97050094604492,44474000,0,0.0
2019-07-30,61.27050018310547,61.743499755859375,61.165000915527344,61.25699996948242,29066000,0,0.0
2019-07-31,61.150001525878906,61.70000076293945,60.38819885253906,60.83399963378906,34510000,0,0.0
2019-08-01,60.701499938964844,61.705501556396484,60.2859992980957,60.45050048828125,33970000,0,0.0
2019-08-02,60.0369987487793,60.345001220703125,59.446998596191406,59.699501037597656,32902000,0,0.0
2019-08-05,58.50199890136719,58.762001037597656,57.00699996948242,57.61600112915039,51950000,0,0.0
2019-08-06,58.16550064086914,58.99800109863281,58.0,58.497501373291016,34188000,0,0.0
2019-08-07,57.79999923706055,58.92224884033203,57.481201171875,58.699501037597656,28886000,0,0.0
2019-08-08,59.14149856567383,60.2504997253418,58.6510009765625,60.2400016784668,29360000,0,0.0
2019-08-09,59.89950180053711,60.194000244140625,59.18014907836914,59.4005012512207,21314000,0,0.0
2019-08-12,58.96049880981445,59.24800109863281,58.38359832763672,58.73550033569336,20060000,0,0.0
2019-08-13,58.573001861572266,60.23899841308594,58.573001861572266,59.86349868774414,25888000,0,0.0
2019-08-14,58.81549835205078,59.1150016784668,58.027000427246094,58.214500427246094,31574000,0,0.0
2019-08-15,58.17499923706055,58.79199981689453,58.105499267578125,58.362998962402344,24374000,0,0.0
2019-08-16,58.977500915527344,59.13600158691406,58.59049987792969,58.880001068115234,26266000,0,0.0
2019-08-19,59.50450134277344,60.3494987487793,59.50450134277344,59.92250061035156,24632000,0,0.0
2019-08-20,59.76250076293945,59.803001403808594,59.105499267578125,59.134498596191406,18310000,0,0.0
2019-08-21,59.657501220703125,59.95000076293945,59.371498107910156,59.5625,14814000,0,0.0
2019-08-22,59.70349884033203,59.90060043334961,58.92900085449219,59.47650146484375,18950000,0,0.0
2019-08-23,59.0994987487793,59.70399856567383,57.38750076293945,57.56449890136719,33740000,0,0.0
2019-08-26,57.862998962402344,58.4734992980957,57.64799880981445,58.44449996948242,24522000,0,0.0
2019-08-27,59.0265007019043,59.119998931884766,58.0724983215332,58.391998291015625,21544000,0,0.0
2019-08-28,58.08549880981445,58.82099914550781,57.8650016784668,58.55099868774414,16040000,0,0.0
2019-08-29,59.055999755859375,59.803001403808594,59.055999755859375,59.64250183105469,21768000,0,0.0
2019-08-30,59.92499923706055,59.92499923706055,59.19015121459961,59.404998779296875,22596000,0,0.0
2019-09-03,58.85150146484375,59.34450149536133,58.15999984741211,58.419498443603516,29598000,0,0.0
2019-09-04,58.83549880981445,59.17399978637695,58.54999923706055,59.070499420166016,21378000,0,0.0
2019-09-05,59.576499938964844,60.652000427246094,59.576499938964844,60.569000244140625,28162000,0,0.0
2019-09-06,60.40650177001953,60.60074996948242,60.1260986328125,60.246498107910156,21442000,0,0.0
2019-09-09,60.20000076293945,61.0,59.63100051879883,60.22050094604492,29438000,0,0.0
2019-09-10,59.75749969482422,60.5,59.729000091552734,60.29999923706055,25202000,0,0.0
2019-09-11,60.170501708984375,61.130001068115234,60.11000061035156,61.00849914550781,26140000,0,0.0
2019-09-12,61.21500015258789,62.09299850463867,61.1510009765625,61.712501525878906,34518000,0,0.0
2019-09-13,61.567501068115234,62.04399871826172,61.35049819946289,61.97800064086914,26028000,0,0.0
2019-09-16,61.47600173950195,61.97800064086914,61.28049850463867,61.564998626708984,21066000,0,0.0
2019-09-17,61.52000045776367,61.75,61.18450164794922,61.45750045776367,19102000,0,0.0
2019-09-18,61.3754997253418,61.78049850463867,60.826499938964844,61.62049865722656,22702000,0,0.0
2019-09-19,61.60300064086914,62.22200012207031,61.60100173950195,61.93550109863281,19920000,0,0.0
2019-09-20,61.65599822998047,62.16600036621094,61.15399932861328,61.496498107910156,45400000,0,0.0
2019-09-23,61.29999923706055,61.954498291015625,61.208499908447266,61.701499938964844,21248000,0,0.0
2019-09-24,62.0,62.33700180053711,60.534000396728516,60.9379997253418,31664000,0,0.0
2019-09-25,60.79100036621094,62.415000915527344,60.50450134277344,62.32600021362305,29060000,0,0.0
2019-09-26,62.097999572753906,62.25,61.613399505615234,62.06949996948242,30760000,0,0.0
2019-09-27,62.1505012512207,62.20100021362305,60.72249984741211,61.25450134277344,27078000,0,0.0
2019-09-30,61.048500061035156,61.29999923706055,60.6150016784668,60.95000076293945,28082000,0,0.0
2019-10-01,60.95000076293945,61.561500549316406,60.17900085449219,60.255001068115234,25470000,0,0.0
2019-10-02,59.8489990234375,59.8489990234375,58.56449890136719,58.83150100708008,32302000,0,0.0
2019-10-03,59.0,59.452999114990234,58.121498107910156,59.39149856567383,32424000,0,0.0
2019-10-04,59.59450149536133,60.571998596191406,59.458499908447266,60.45000076293945,23248000,0,0.0
2019-10-07,60.220001220703125,60.91019821166992,60.1875,60.38399887084961,16858000,0,0.0
2019-10-08,59.87950134277344,60.30400085449219,59.45050048828125,59.45650100708008,20786000,0,0.0
2019-10-09,59.967498779296875,60.41749954223633,59.881500244140625,60.115501403808594,17354000,0,0.0
2019-10-10,59.92900085449219,60.75,59.867000579833984,60.43349838256836,16932000,0,0.0
2019-10-11,61.11050033569336,61.419498443603516,60.6870002746582,60.772499084472656,25454000,0,0.0
2019-10-14,60.617000579833984,61.31650161743164,60.5880012512207,60.856998443603516,17350000,0,0.0
2019-10-15,61.02000045776367,62.36650085449219,61.02000045776367,62.1505012512207,27634000,0,0.0
2019-10-16,62.05849838256836,62.73699951171875,61.92250061035156,62.18199920654297,21892000,0,0.0
2019-10-17,62.54650115966797,63.1662483215332,62.49700164794922,62.653499603271484,19048000,0,0.0
2019-10-18,62.67300033569336,62.94449996948242,62.05400085449219,62.27450180053711,27056000,0,0.0
2019-10-21,62.612998962402344,62.731449127197266,62.029998779296875,62.307498931884766,20544000,0,0.0
2019-10-22,62.39250183105469,62.529998779296875,62.069000244140625,62.13999938964844,20476000,0,0.0
2019-10-23,62.11800003051758,62.99449920654297,62.11800003051758,62.95650100708008,18230000,0,0.0
2019-10-24,63.04499816894531,63.20000076293945,62.68574905395508,63.04949951171875,20562000,0,0.0
2019-10-25,62.55149841308594,63.47999954223633,62.5004997253418,63.256500244140625,24262000,0,0.0
2019-10-28,63.772499084472656,64.96549987792969,63.62699890136719,64.5,52264000,0,0.0
2019-10-29,63.811500549316406,64.07949829101562,62.860599517822266,63.13100051879883,37728000,0,0.0
2019-10-30,62.64849853515625,63.46799850463867,62.599998474121094,63.06449890136719,28178000,0,0.0
2019-10-31,63.06399917602539,63.38349914550781,62.54214859008789,63.00550079345703,29114000,0,0.0
2019-11-01,63.25,63.73099899291992,63.025001525878906,63.6870002746582,33402000,0,0.0
2019-11-04,63.8224983215332,64.70649719238281,63.8177490234375,64.56849670410156,30020000,0,0.0
2019-11-05,64.64450073242188,64.94650268554688,64.56144714355469,64.60150146484375,25654000,0,0.0
2019-11-06,64.4729995727539,64.6865005493164,64.125,64.58999633789062,23060000,0,0.0
2019-11-07,64.71399688720703,66.18699645996094,64.71224975585938,65.44300079345703,40600000,0,0.0
2019-11-08,65.26399993896484,65.9000015258789,65.21824645996094,65.56849670410156,25028000,0,0.0
2019-11-11,65.15899658203125,65.32125091552734,64.87049865722656,64.95950317382812,20238000,0,0.0
2019-11-12,65.0,65.5,64.78849792480469,64.94000244140625,21718000,0,0.0
2019-11-13,64.70349884033203,65.21499633789062,64.67549896240234,64.9000015258789,16534000,0,0.0
2019-11-14,64.875,65.8499984741211,64.78250122070312,65.572998046875,23870000,0,0.0
2019-11-15,65.9469985961914,66.74400329589844,65.71399688720703,66.74349975585938,35652000,0,0.0
2019-11-18,66.61100006103516,66.77645111083984,65.875,66.03500366210938,29748000,0,0.0
2019-11-19,66.38500213623047,66.38500213623047,65.63999938964844,65.77300262451172,25384000,0,0.0
2019-11-20,65.58699798583984,65.75,64.55750274658203,65.15249633789062,26172000,0,0.0
2019-11-21,65.0739974975586,65.62950134277344,64.6500015258789,65.06749725341797,19910000,0,0.0
2019-11-22,65.28099822998047,65.4365005493164,64.57050323486328,64.76699829101562,27714000,0,0.0
2019-11-25,64.95899963378906,65.56549835205078,64.90650177001953,65.33450317382812,20724000,0,0.0
2019-11-26,65.49299621582031,65.73999786376953,65.25450134277344,65.67749786376953,21394000,0,0.0
2019-11-27,65.75,65.91799926757812,65.48149871826172,65.64949798583984,19912000,0,0.0
2019-11-29,65.35600280761719,65.51024627685547,65.19850158691406,65.24800109863281,11740000,0,0.0
2019-12-02,65.05000305175781,65.29149627685547,64.05000305175781,64.49600219726562,30218000,0,0.0
2019-12-03,63.97850036621094,64.92304992675781,63.95000076293945,64.76399993896484,22876000,0,0.0
2019-12-04,65.35050201416016,66.29000091552734,65.24349975585938,66.0270004272461,30750000,0,0.0
2019-12-05,66.4000015258789,66.46790313720703,65.8219985961914,66.40650177001953,24254000,0,0.0
2019-12-06,66.6719970703125,67.19999694824219,66.6719970703125,67.03099822998047,26296000,0,0.0
2019-12-09,66.9020004272461,67.97250366210938,66.89199829101562,67.1780014038086,27086000,0,0.0
2019-12-10,67.07499694824219,67.49874877929688,66.802001953125,67.23300170898438,21882000,0,0.0
2019-12-11,67.54199981689453,67.55999755859375,67.13349914550781,67.2509994506836,17008000,0,0.0
2019-12-12,67.2969970703125,67.78874969482422,67.0250015258789,67.51349639892578,25620000,0,0.0
2019-12-13,67.39749908447266,67.65464782714844,67.19349670410156,67.3915023803711,30992000,0,0.0
2019-12-16,67.82499694824219,68.23400115966797,67.63349914550781,68.05850219726562,27946000,0,0.0
2019-12-17,68.14450073242188,68.25,67.56614685058594,67.75599670410156,37080000,0,0.0
2019-12-18,67.83000183105469,68.02349853515625,67.55000305175781,67.63099670410156,30452000,0,0.0
2019-12-19,67.59100341796875,67.90499877929688,67.44924926757812,67.802001953125,29398000,0,0.0
2019-12-20,68.1675033569336,68.18199920654297,67.44999694824219,67.47949981689453,66300000,0,0.0
2019-12-23,67.79350280761719,67.98999786376953,67.32550048828125,67.44200134277344,17662000,0,0.0
2019-12-24,67.42500305175781,67.51300048828125,67.13899993896484,67.1780014038086,6950000,0,0.0
2019-12-26,67.30850219726562,68.06635284423828,67.22350311279297,68.0199966430664,13350000,0,0.0
2019-12-27,68.14949798583984,68.22650146484375,67.46549987792969,67.59449768066406,20768000,0,0.0
2019-12-30,67.5,67.6500015258789,66.70099639892578,66.80699920654297,21018000,0,0.0
2019-12-31,66.50550079345703,66.9000015258789,66.4542465209961,66.85099792480469,19236000,0,0.0
2020-01-02,67.07749938964844,68.40699768066406,67.07749938964844,68.36849975585938,28132000,0,0.0
2020-01-03,67.39299774169922,68.625,67.2771987915039,68.03299713134766,23728000,0,0.0
2020-01-06,67.5,69.82499694824219,67.5,69.71050262451172,34646000,0,0.0
2020-01-07,69.89700317382812,70.14949798583984,69.51899719238281,69.66699981689453,30054000,0,0.0
2020-01-08,69.60399627685547,70.5790023803711,69.54199981689453,70.21600341796875,30560000,0,0.0
2020-01-09,71.02850341796875,71.36650085449219,70.51349639892578,70.99150085449219,30018000,0,0.0
2020-01-10,71.37799835205078,71.74645233154297,70.9175033569336,71.48650360107422,36414000,0,0.0
2020-01-13,71.80650329589844,72.0260009765625,71.3010025024414,71.96150207519531,33046000,0,0.0
2020-01-14,71.95050048828125,72.08999633789062,71.41850280761719,71.54399871826172,31178000,0,0.0
2020-01-15,71.510498046875,72.06974792480469,71.510498046875,71.95999908447266,25654000,0,0.0
2020-01-16,72.37200164794922,72.59950256347656,72.0459976196289,72.58499908447266,23474000,0,0.0
2020-01-17,73.14550018310547,74.06475067138672,72.91100311279297,74.01950073242188,47924000,0,0.0
2020-01-21,73.95600128173828,74.59249877929688,73.55999755859375,74.22000122070312,40734000,0,0.0
2020-01-22,74.55000305175781,75.16069793701172,74.24649810791016,74.29750061035156,32216000,0,0.0
2020-01-23,74.38200378417969,74.7760009765625,74.1050033569336,74.3324966430664,27024000,0,0.0
2020-01-24,74.67949676513672,74.77474975585938,73.26249694824219,73.33550262451172,35692000,0,0.0
2020-01-27,71.55000305175781,71.90350341796875,71.05999755859375,71.69499969482422,35104000,0,0.0
2020-01-28,72.1500015258789,72.80000305175781,71.62349700927734,72.62799835205078,31548000,0,0.0
2020-01-29,72.94000244140625,73.27149963378906,72.33699798583984,72.93150329589844,21554000,0,0.0
2020-01-30,71.99800109863281,72.86399841308594,71.81999969482422,72.79199981689453,26788000,0,0.0
2020-01-31,73.44499969482422,73.50650024414062,71.42649841308594,71.71150207519531,48344000,0,0.0
2020-02-03,73.0999984741211,74.5,72.94950103759766,74.2969970703125,60736000,0,0.0
2020-02-04,72.85350036621094,73.4749984741211,71.31500244140625,72.35350036621094,78660000,0,0.0
2020-02-05,73.12100219726562,73.19200134277344,71.52799987792969,72.4114990234375,39724000,0,0.0
2020-02-06,72.5165023803711,74.0999984741211,72.47850036621094,73.8115005493164,33588000,0,0.0
2020-02-07,73.36499786376953,74.29199981689453,73.31749725341797,73.96150207519531,23446000,0,0.0
2020-02-10,73.71600341796875,75.4749984741211,73.71600341796875,75.43399810791016,28398000,0,0.0
2020-02-11,75.59049987792969,76.48149871826172,75.28189849853516,75.43949890136719,26892000,0,0.0
2020-02-12,75.7239990234375,76.03475189208984,75.40550231933594,75.91349792480469,23352000,0,0.0
2020-02-13,75.6344985961914,76.35900115966797,75.2300033569336,75.73300170898438,18590000,0,0.0
2020-02-14,75.77999877929688,76.03700256347656,75.36699676513672,76.03700256347656,23956000,0,0.0
2020-02-18,75.75,76.58149719238281,75.62950134277344,75.9834976196289,22414000,0,0.0
2020-02-19,76.25350189208984,76.60530090332031,76.06999969482422,76.33450317382812,18986000,0,0.0
2020-02-20,76.0999984741211,76.48200225830078,75.34100341796875,75.90750122070312,21932000,0,0.0
2020-02-21,75.40149688720703,75.61074829101562,74.02200317382812,74.25550079345703,34634000,0,0.0
2020-02-24,71.30549621582031,71.84850311279297,70.56950378417969,71.07949829101562,57342000,0,0.0
2020-02-25,71.6500015258789,71.90699768066406,69.12000274658203,69.42250061035156,49566000,0,0.0
2020-02-26,69.80699920654297,70.78500366210938,68.94999694824219,69.65899658203125,44048000,0,0.0
2020-02-27,68.10299682617188,68.58519744873047,65.8584976196289,65.90450286865234,59566000,0,0.0
2020-02-28,63.875,67.05699920654297,63.54999923706055,66.96649932861328,75782000,0,0.0
2020-03-02,67.58049774169922,69.54350280761719,66.34075164794922,69.45549774169922,48630000,0,0.0
2020-03-03,69.97100067138672,70.50749969482422,66.5999984741211,67.06950378417969,48046000,0,0.0
2020-03-04,67.96150207519531,69.40450286865234,67.15550231933594,69.32599639892578,38266000,0,0.0
2020-03-05,67.51000213623047,67.94550323486328,65.25499725341797,65.9520034790039,51226000,0,0.0
2020-03-06,63.85300064086914,65.31099700927734,63.0525016784668,64.92050170898438,53212000,0,0.0
2020-03-09,60.26499938964844,62.737998962402344,60.0,60.77799987792969,67308000,0,0.0
2020-03-10,63.0,64.05750274658203,60.938499450683594,64.01950073242188,52228000,0,0.0
2020-03-11,62.48500061035156,63.04800033569336,59.80350112915039,60.77050018310547,52170000,0,0.0
2020-03-12,56.29999923706055,59.69350051879883,55.665000915527344,55.74549865722656,84534000,0,0.0
2020-03-13,58.95000076293945,60.987998962402344,55.85715103149414,60.98649978637695,74002000,0,0.0
2020-03-16,54.79999923706055,57.61334991455078,53.72200012207031,54.21649932861328,85048000,0,0.0
2020-03-17,54.65549850463867,56.542999267578125,52.800498962402344,55.9900016784668,77230000,0,0.0
2020-03-18,52.82550048828125,55.32500076293945,51.86399841308594,54.84000015258789,84668000,0,0.0
2020-03-19,54.65250015258789,57.89849853515625,53.005401611328125,55.76449966430664,73022000,0,0.0
2020-03-20,56.7859992980957,57.199501037597656,53.27450180053711,53.61600112915039,72036000,0,0.0
2020-03-23,53.066001892089844,53.566001892089844,50.67679977416992,52.83100128173828,80882000,0,0.0
2020-03-24,55.188499450683594,56.75,54.53099822998047,56.722999572753906,66890000,0,0.0
2020-03-25,56.32350158691406,57.44499969482422,54.300498962402344,55.1245002746582,81630000,0,0.0
2020-03-26,55.59000015258789,58.49850082397461,54.67649841308594,58.087501525878906,71434000,0,0.0
2020-03-27,56.28350067138672,57.53350067138672,55.295501708984375,55.535499572753906,64170000,0,0.0
2020-03-30,56.25199890136719,57.58150100708008,54.82400131225586,57.340999603271484,51482000,0,0.0
2020-03-31,57.3650016784668,58.765499114990234,56.90700149536133,58.140499114990234,49728000,0,0.0
2020-04-01,56.099998474121094,56.484500885009766,54.872501373291016,55.28099822998047,46884000,0,0.0
2020-04-02,54.91299819946289,56.34299850463867,54.81999969482422,56.04199981689453,39298000,0,0.0
2020-04-03,55.950748443603516,56.176998138427734,53.990501403808594,54.89400100708008,46268000,0,0.0
2020-04-06,56.900001525878906,59.733001708984375,56.547000885009766,59.34600067138672,53294000,0,0.0
2020-04-07,61.04999923706055,61.25,59.11149978637695,59.32550048828125,47746000,0,0.0
2020-04-08,60.32500076293945,60.95349884033203,59.40800094604492,60.513999938964844,39502000,0,0.0
2020-04-09,61.20399856567383,61.278499603271484,59.83675003051758,60.5724983215332,43508000,0,0.0
2020-04-13,60.45899963378906,61.0255012512207,59.37990188598633,60.87799835205078,34796000,0,0.0
2020-04-14,62.25450134277344,64.10350036621094,61.846500396728516,63.46149826049805,49408000,0,0.0
2020-04-15,62.28049850463867,64.02300262451172,62.02000045776367,63.12350082397461,33434000,0,0.0
2020-04-16,63.70500183105469,63.95000076293945,62.13100051879883,63.173500061035156,50362000,0,0.0
2020-04-17,64.24250030517578,64.72149658203125,63.561500549316406,64.1624984741211,38980000,0,0.0
2020-04-20,63.54999923706055,64.08000183105469,63.06850051879883,63.330501556396484,33910000,0,0.0
2020-04-21,62.349998474121094,62.7135009765625,60.48550033569336,60.81700134277344,43060000,0,0.0
2020-04-22,62.277000427246094,64.28064727783203,62.099998474121094,63.160499572753906,41848000,0,0.0
2020-04-23,63.57749938964844,64.66549682617188,63.28350067138672,63.81549835205078,31324000,0,0.0
2020-04-24,63.05849838256836,64.0199966430664,62.47249984741211,63.96549987792969,32792000,0,0.0
2020-04-27,64.80000305175781,64.80750274658203,63.45000076293945,63.79399871826172,32012000,0,0.0
2020-04-28,64.39649963378906,64.40249633789062,61.61000061035156,61.68349838256836,59026000,0,0.0
2020-04-29,67.072998046875,67.99949645996094,66.26699829101562,67.0739974975586,75872000,0,0.0
2020-04-30,66.24400329589844,67.64099884033203,66.12449645996094,67.43299865722656,53378000,0,0.0
2020-05-01,66.42500305175781,67.60350036621094,65.55000305175781,66.03050231933594,41450000,0,0.0
2020-05-04,65.4114990234375,66.38300323486328,64.94999694824219,66.33999633789062,30080000,0,0.0
2020-05-05,66.89600372314453,68.6969985961914,66.87300109863281,67.55549621582031,33030000,0,0.0
2020-05-06,68.08450317382812,68.55599975585938,67.364501953125,67.36499786376953,24308000,0,0.0
2020-05-07,68.2969970703125,68.87999725341797,67.76349639892578,68.62799835205078,27952000,0,0.0
2020-05-08,69.15650177001953,69.93800354003906,68.77400207519531,69.41850280761719,27738000,0,0.0
2020-05-11,68.91400146484375,70.82649993896484,68.85759735107422,70.16300201416016,28242000,0,0.0
2020-05-12,70.35600280761719,70.75,68.7385025024414,68.78700256347656,27812000,0,0.0
2020-05-13,68.85250091552734,69.27410125732422,66.41999816894531,67.46649932861328,36252000,0,0.0
2020-05-14,66.7509994506836,67.87100219726562,66.19550323486328,67.80650329589844,32062000,0,0.0
2020-05-15,67.5,68.7239990234375,66.94999694824219,68.65950012207031,34154000,0,0.0
2020-05-18,68.0875015258789,69.61624908447266,67.7125015258789,69.1969985961914,36448000,0,0.0
2020-05-19,69.349853515625,69.5999984741211,68.67424774169922,68.67424774169922,25612000,0,0.0
2020-05-20,69.47899627685547,70.52100372314453,69.36250305175781,70.33599853515625,33108000,0,0.0
2020-05-21,70.4000015258789,70.77449798583984,69.67250061035156,70.13999938964844,27700000,0,0.0
2020-05-22,69.83550262451172,70.63800048828125,69.59149932861328,70.52100372314453,26188000,0,0.0
2020-05-26,71.8635025024414,72.05000305175781,70.60649871826172,70.85099792480469,41212000,0,0.0
2020-05-27,70.86250305175781,71.08699798583984,69.56449890136719,70.89199829101562,33716000,0,0.0
2020-05-28,69.84300231933594,72.04199981689453,69.80000305175781,70.83650207519531,33844000,0,0.0
2020-05-29,70.84700012207031,71.62850189208984,70.6675033569336,71.44599914550781,36418000,0,0.0
2020-06-01,70.91950225830078,71.89800262451172,70.9000015258789,71.59100341796875,24342000,0,0.0
2020-06-02,71.52749633789062,71.98049926757812,70.94149780273438,71.96099853515625,25562000,0,0.0
2020-06-03,71.91500091552734,72.32759857177734,71.48885345458984,71.81900024414062,25124000,0,0.0
2020-06-04,71.5199966430664,71.947998046875,70.23650360107422,70.60900115966797,29686000,0,0.0
2020-06-05,70.65850067138672,72.25250244140625,70.30000305175781,71.91950225830078,34698000,0,0.0
2020-06-08,71.11699676513672,72.39949798583984,71.11699676513672,72.33049774169922,28084000,0,0.0
2020-06-09,72.26799774169922,73.4000015258789,72.1604995727539,72.80799865722656,28184000,0,0.0
2020-06-10,72.97699737548828,73.71295166015625,72.8134994506836,73.2925033569336,30504000,0,0.0
2020-06-11,72.1240005493164,72.72374725341797,70.0999984741211,70.19200134277344,39826000,0,0.0
2020-06-12,71.42449951171875,71.8499984741211,69.3010025024414,70.65899658203125,38928000,0,0.0
2020-06-15,69.54000091552734,71.23999786376953,69.39600372314453,70.99250030517578,30078000,0,0.0
2020-06-16,72.26100158691406,72.7509994506836,71.29499816894531,72.13600158691406,34184000,0,0.0
2020-06-17,72.35800170898438,73.0,71.56900024414062,72.55599975585938,30992000,0,0.0
2020-06-18,72.45800018310547,72.57050323486328,71.35050201416016,71.7979965209961,31638000,0,0.0
2020-06-19,72.19999694824219,72.38999938964844,71.06749725341797,71.58599853515625,63158000,0,0.0
2020-06-22,71.44999694824219,72.63749694824219,71.1604995727539,72.59300231933594,30848000,0,0.0
2020-06-23,72.78199768066406,73.79705047607422,72.26200103759766,73.22049713134766,28596000,0,0.0
2020-06-24,73.07550048828125,73.77100372314453,71.48750305175781,71.59850311279297,35120000,0,0.0
2020-06-25,71.49500274658203,72.1449966430664,71.0,72.06649780273438,24610000,0,0.0
2020-06-26,71.56950378417969,71.67250061035156,67.59950256347656,67.99500274658203,85354000,0,0.0
2020-06-29,67.90899658203125,69.77999877929688,67.35050201416016,69.74849700927734,36204000,0,0.0
2020-06-30,69.52200317382812,70.93250274658203,69.197998046875,70.68049621582031,40848000,0,0.0
2020-07-01,70.55500030517578,72.1500015258789,70.49099731445312,71.9020004272461,35504000,0,0.0
2020-07-02,72.34700012207031,74.14749908447266,72.32099914550781,73.23500061035156,37182000,0,0.0
2020-07-06,74.00299835205078,75.32949829101562,73.64299774169922,74.78500366210938,31280000,0,0.0
2020-07-07,74.5,75.83999633789062,74.17749786376953,74.25900268554688,29164000,0,0.0
2020-07-08,74.71600341796875,75.29399871826172,74.28150177001953,74.80000305175781,24994000,0,0.0
2020-07-09,75.32250213623047,76.13600158691406,74.40425109863281,75.54949951171875,28466000,0,0.0
2020-07-10,75.30750274658203,77.19149780273438,74.8270034790039,77.08699798583984,37126000,0,0.0
2020-07-13,77.5,78.85659790039062,75.26215362548828,75.56700134277344,36928000,0,0.0
2020-07-14,74.5155029296875,76.14749908447266,74.17500305175781,76.02899932861328,31700000,0,0.0
2020-07-15,76.15650177001953,76.7665023803711,74.9000015258789,75.68199920654297,32214000,0,0.0
2020-07-16,75.0,75.93450164794922,74.31549835205078,75.9000015258789,30386000,0,0.0
2020-07-17,76.08100128173828,76.1719970703125,74.9209976196289,75.77749633789062,29134000,0,0.0
2020-07-20,75.76300048828125,78.5145034790039,75.18000030517578,78.28600311279297,31146000,0,0.0
2020-07-21,79.34950256347656,79.34950256347656,77.71399688720703,77.9209976196289,24324000,0,0.0
2020-07-22,78.0250015258789,78.5,77.30500030517578,78.42449951171875,18640000,0,0.0
2020-07-23,78.34850311279297,78.59349822998047,75.36959838867188,75.78399658203125,32552000,0,0.0
2020-07-24,74.94650268554688,75.88179779052734,74.41999816894531,75.59349822998047,30880000,0,0.0
2020-07-27,75.77999877929688,77.04850006103516,75.760498046875,76.51000213623047,24920000,0,0.0
2020-07-28,76.25900268554688,76.3239974975586,74.88300323486328,75.01699829101562,34044000,0,0.0
2020-07-29,75.31600189208984,76.5625991821289,75.06649780273438,76.10099792480469,22130000,0,0.0
2020-07-30,74.8499984741211,76.89350128173828,74.61100006103516,76.57250213623047,33428000,0,0.0
2020-07-31,75.25050354003906,75.44750213623047,72.70149993896484,74.14800262451172,68798000,0,0.0
2020-08-03,74.33200073242188,74.52349853515625,73.28199768066406,73.72250366210938,46604000,0,0.0
2020-08-04,73.82849884033203,74.27799987792969,72.93250274658203,73.24849700927734,38070000,0,0.0
2020-08-05,73.46499633789062,74.12049865722656,73.1729965209961,73.68049621582031,39590000,0,0.0
2020-08-06,73.5875015258789,75.11949920654297,73.30000305175781,75.00499725341797,39908000,0,0.0
2020-08-07,75.0,75.84224700927734,74.08200073242188,74.72450256347656,31556000,0,0.0
2020-08-10,74.35900115966797,75.20375061035156,73.65399932861328,74.80500030517578,25786000,0,0.0
2020-08-11,74.62200164794922,75.5,73.9000015258789,74.01599884033203,29088000,0,0.0
2020-08-12,74.27899932861328,75.61930084228516,74.26249694824219,75.33100128173828,28740000,0,0.0
2020-08-13,75.51699829101562,76.86250305175781,75.40025329589844,75.92250061035156,29104000,0,0.0
2020-08-14,75.78299713134766,76.09500122070312,75.14399719238281,75.3864974975586,27096000,0,0.0
2020-08-17,75.7334976196289,76.28050231933594,75.39849853515625,75.89900207519531,27566000,0,0.0
2020-08-18,76.30899810791016,78.12349700927734,76.18550109863281,77.93000030517578,40542000,0,0.0
2020-08-19,77.66549682617188,78.68399810791016,77.19750213623047,77.37650299072266,33212000,0,0.0
2020-08-20,77.17250061035156,79.29350280761719,76.91000366210938,79.0875015258789,34138000,0,0.0
2020-08-21,78.85150146484375,79.88600158691406,78.40025329589844,79.02100372314453,28930000,0,0.0
2020-08-24,79.6989974975586,80.70850372314453,79.02850341796875,79.41000366210938,28198000,0,0.0
2020-08-25,79.10350036621094,80.58100128173828,79.10350036621094,80.41100311279297,44942000,0,0.0
2020-08-26,80.4000015258789,82.96099853515625,80.18000030517578,82.61900329589844,79868000,0,0.0
2020-08-27,82.68399810791016,82.75,81.2874984741211,81.71649932861328,37232000,0,0.0
2020-08-28,81.67449951171875,82.3584976196289,81.5374984741211,82.22049713134766,29980000,0,0.0
2020-08-31,82.39450073242188,82.39824676513672,81.5155029296875,81.70899963378906,36468000,0,0.0
2020-09-01,81.83149719238281,83.2864990234375,81.61100006103516,83.0354995727539,36506000,0,0.0
2020-09-02,83.68875122070312,86.65899658203125,83.31649780273438,86.41400146484375,50224000,0,0.0
2020-09-03,85.48570251464844,85.48570251464844,80.75299835205078,82.09200286865234,62156000,0,0.0
2020-09-04,81.21299743652344,82.25550079345703,77.38065338134766,79.552001953125,52172000,0,0.0
2020-09-08,76.67549896240234,78.19325256347656,76.40049743652344,76.61949920654297,52218000,0,0.0
2020-09-09,77.87650299072266,78.44999694824219,76.80255126953125,77.8479995727539,35494000,0,0.0
2020-09-10,78.03199768066406,79.20404815673828,76.29025268554688,76.60099792480469,32372000,0,0.0
2020-09-11,76.80000305175781,78.76000213623047,74.86799621582031,76.03600311279297,31942000,0,0.0
2020-09-14,76.95024871826172,78.19999694824219,75.78700256347656,75.96399688720703,33932000,0,0.0
2020-09-15,76.80000305175781,77.97850036621094,76.59175109863281,77.0719985961914,26622000,0,0.0
2020-09-16,77.7770004272461,78.0999984741211,75.99099731445312,76.04499816894531,26234000,0,0.0
2020-09-17,74.80000305175781,75.41490173339844,73.5,74.77649688720703,37596000,0,0.0
2020-09-18,74.90049743652344,75.150146484375,71.85649871826172,72.99949645996094,62078000,0,0.0
2020-09-21,72.00299835205078,72.41799926757812,70.32749938964844,71.55799865722656,57776000,0,0.0
2020-09-22,72.50450134277344,73.47599792480469,71.72650146484375,73.27300262451172,31664000,0,0.0
2020-09-23,72.93900299072266,73.0479965209961,70.38500213623047,70.760498046875,33148000,0,0.0
2020-09-24,70.55149841308594,72.1854476928711,70.49250030517578,71.41449737548828,29004000,0,0.0
2020-09-25,71.63150024414062,72.5,70.66699981689453,72.24800109863281,26460000,0,0.0
2020-09-28,73.71050262451172,73.83999633789062,72.46504974365234,73.22599792480469,40158000,0,0.0
2020-09-29,73.51950073242188,73.8331527709961,72.94024658203125,73.46649932861328,19564000,0,0.0
2020-09-30,73.33999633789062,74.48750305175781,72.99400329589844,73.4800033569336,34032000,0,0.0
2020-10-01,74.2135009765625,74.9520034790039,73.96050262451172,74.50450134277344,35590000,0,0.0
2020-10-02,73.10150146484375,74.16000366210938,72.5459976196289,72.9209976196289,25682000,0,0.0
2020-10-05,73.31050109863281,74.4104995727539,73.2135009765625,74.3010025024414,22266000,0,0.0
2020-10-06,73.77899932861328,74.33799743652344,72.42949676513672,72.6719970703125,24908000,0,0.0
2020-10-07,73.2145004272461,73.447998046875,71.80000305175781,73.0145034790039,34924000,0,0.0
2020-10-08,73.25450134277344,74.5,73.25450134277344,74.29650115966797,23756000,0,0.0
2020-10-09,74.73500061035156,75.82599639892578,74.47250366210938,75.76100158691406,28706000,0,0.0
2020-10-12,77.1500015258789,79.69300079345703,76.62850189208984,78.4574966430664,49652000,0,0.0
2020-10-13,79.1865005493164,79.5,78.16000366210938,78.58399963378906,32020000,0,0.0
2020-10-14,78.92949676513672,79.38420104980469,77.52649688720703,78.40399932861328,38586000,0,0.0
2020-10-15,77.35749816894531,78.7552490234375,77.25150299072266,77.95649719238281,30800000,0,0.0
2020-10-16,78.2925033569336,79.05650329589844,78.1500015258789,78.65049743652344,28694000,0,0.0
2020-10-19,79.02300262451172,79.40750122070312,76.4000015258789,76.73049926757812,32142000,0,0.0
2020-10-20,76.35250091552734,78.875,76.28350067138672,77.79650115966797,44834000,0,0.0
2020-10-21,78.66649627685547,80.9365005493164,78.58149719238281,79.66549682617188,51366000,0,0.0
2020-10-22,79.65249633789062,81.09950256347656,79.25,80.7665023803711,28672000,0,0.0
2020-10-23,81.30349731445312,82.11799621582031,81.02549743652344,82.05000305175781,27516000,0,0.0
2020-10-26,81.25050354003906,81.91200256347656,78.82499694824219,79.52249908447266,37066000,0,0.0
2020-10-27,79.78350067138672,80.34224700927734,79.13899993896484,80.21299743652344,24580000,0,0.0
2020-10-28,77.98699951171875,78.06749725341797,75.73100280761719,75.83100128173828,36680000,0,0.0
2020-10-29,76.11799621582031,79.68550109863281,76.11199951171875,78.36199951171875,40062000,0,0.0
2020-10-30,83.60549926757812,84.3499984741211,80.2229995727539,81.05049896240234,86582000,0,0.0
2020-11-02,81.40799713134766,83.03849792480469,80.80149841308594,81.30149841308594,50708000,0,0.0
2020-11-03,81.58899688720703,83.08499908447266,80.83100128173828,82.510498046875,33234000,0,0.0
2020-11-04,85.51399993896484,88.56825256347656,85.30149841308594,87.45649719238281,71418000,0,0.0
2020-11-05,89.05000305175781,89.68199920654297,87.52549743652344,88.16850280761719,41316000,0,0.0
2020-11-06,87.69750213623047,88.62149810791016,87.01750183105469,88.0875015258789,33218000,0,0.0
2020-11-09,89.54499816894531,90.90299987792969,88.0009994506836,88.1500015258789,45366000,0,0.0
2020-11-10,86.55449676513672,88.1500015258789,85.86499786376953,87.01950073242188,52722000,0,0.0
2020-11-11,87.5,88.21099853515625,87.36824798583984,87.635498046875,25280000,0,0.0
2020-11-12,87.38150024414062,88.41349792480469,87.27999877929688,87.49199676513672,24950000,0,0.0
2020-11-13,87.88150024414062,89.052001953125,87.22750091552734,88.85099792480469,29998000,0,0.0
2020-11-16,88.58499908447266,89.95349884033203,88.3844985961914,89.06900024414062,24936000,0,0.0
2020-11-17,88.84700012207031,89.25,88.3499984741211,88.50749969482422,22942000,0,0.0
2020-11-18,88.2614974975586,88.67350006103516,87.30699920654297,87.33899688720703,23470000,0,0.0
2020-11-19,86.91899871826172,88.47949981689453,86.85025024414062,88.19599914550781,24998000,0,0.0
2020-11-20,88.260498046875,88.69999694824219,87.09300231933594,87.1094970703125,46270000,0,0.0
2020-11-23,87.4800033569336,87.69499969482422,85.88600158691406,86.74299621582031,43232000,0,0.0
2020-11-24,86.5250015258789,88.58000183105469,86.3844985961914,88.44400024414062,31560000,0,0.0
2020-11-25,88.64450073242188,88.927001953125,87.8270034790039,88.57150268554688,20916000,0,0.0
2020-11-27,88.65450286865234,90.19999694824219,88.62200164794922,89.65950012207031,17698000,0,0.0
2020-11-30,89.05919647216797,89.40325164794922,87.75,88.03700256347656,36476000,0,0.0
2020-12-01,88.71849822998047,91.24150085449219,88.46849822998047,89.90499877929688,34738000,0,0.0
2020-12-02,89.90499877929688,91.78250122070312,89.47364807128906,91.39749908447266,24440000,0,0.0
2020-12-03,91.20050048828125,92.36000061035156,91.13249969482422,91.3385009765625,24546000,0,0.0
2020-12-04,91.22599792480469,91.65799713134766,90.84950256347656,91.39949798583984,27564000,0,0.0
2020-12-07,90.94999694824219,91.61849975585938,90.28900146484375,90.9739990234375,26418000,0,0.0
2020-12-08,90.50499725341797,91.09500122070312,89.81024932861328,90.92749786376953,21926000,0,0.0
2020-12-09,90.60050201416016,91.7135009765625,88.3905029296875,89.20649719238281,30152000,0,0.0
2020-12-10,88.48999786376953,89.06549835205078,87.01599884033203,88.7665023803711,27256000,0,0.0
2020-12-11,88.15299987792969,89.22250366210938,88.0,89.0885009765625,24414000,0,0.0
2020-12-14,88.75,89.86949920654297,87.86074829101562,88.00299835205078,32004000,0,0.0
2020-12-15,88.22100067138672,88.57099914550781,87.49749755859375,88.38849639892578,29646000,0,0.0
2020-12-16,88.64399719238281,88.6500015258789,87.80400085449219,88.1500015258789,30270000,0,0.0
2020-12-17,88.42549896240234,88.58920288085938,86.93299865722656,87.3949966430664,32494000,0,0.0
2020-12-18,87.70899963378906,87.75550079345703,86.01100158691406,86.55049896240234,80328000,0,0.0
2020-12-21,85.67549896240234,87.0425033569336,84.94999694824219,86.96849822998047,36568000,0,0.0
2020-12-22,86.72149658203125,86.87024688720703,85.62875366210938,86.17500305175781,18734000,0,0.0
2020-12-23,86.40550231933594,87.39949798583984,86.25199890136719,86.61900329589844,20676000,0,0.0
2020-12-24,86.75,87.30000305175781,86.45549774169922,86.94249725341797,6936000,0,0.0
2020-12-28,87.58174896240234,89.5363998413086,87.3167495727539,88.80449676513672,27860000,0,0.0
2020-12-29,89.3895034790039,89.62200164794922,87.80449676513672,87.93599700927734,25988000,0,0.0
2020-12-30,88.10050201416016,88.25475311279297,86.27999877929688,86.97599792480469,26122000,0,0.0
2020-12-31,86.77100372314453,87.94650268554688,86.77100372314453,87.59400177001953,20238000,0,0.0
2021-01-04,87.87699890136719,88.03250122070312,85.39250183105469,86.41200256347656,38038000,0,0.0
2021-01-05,86.25,87.38349914550781,85.90074920654297,87.0459976196289,22906000,0,0.0
2021-01-06,85.13150024414062,87.4000015258789,84.94999694824219,86.7645034790039,52042000,0,0.0
2021-01-07,87.00299835205078,89.41999816894531,86.85250091552734,89.36250305175781,45300000,0,0.0
2021-01-08,89.39900207519531,90.49199676513672,88.67675018310547,90.3604965209961,41012000,0,0.0
2021-01-11,89.30349731445312,89.71575164794922,88.0260009765625,88.33599853515625,24194000,0,0.0
2021-01-12,87.69599914550781,88.9020004272461,86.2655029296875,87.32749938964844,27140000,0,0.0
2021-01-13,86.92900085449219,88.25174713134766,86.90049743652344,87.72000122070312,21882000,0,0.0
2021-01-14,87.68099975585938,88.75050354003906,86.66999816894531,87.00900268554688,23590000,0,0.0
2021-01-15,86.90950012207031,87.80000305175781,86.07749938964844,86.80950164794922,26844000,0,0.0
2021-01-19,87.61250305175781,90.46375274658203,87.072998046875,89.54299926757812,34692000,0,0.0
2021-01-20,91.572998046875,95.18550109863281,91.27649688720703,94.34500122070312,49806000,0,0.0
2021-01-21,94.9000015258789,96.74299621582031,94.35549926757812,94.5625,41278000,0,0.0
2021-01-22,94.78399658203125,95.54750061035156,94.08799743652344,95.05249786376953,25442000,0,0.0
2021-01-25,96.03350067138672,96.47899627685547,93.37650299072266,94.97000122070312,38546000,0,0.0
2021-01-26,94.44200134277344,96.25,94.21224975585938,95.86199951171875,26262000,0,0.0
2021-01-27,94.12650299072266,94.5,90.44999694824219,91.53949737548828,54966000,0,0.0
2021-01-28,92.1969985961914,94.94149780273438,92.13200378417969,93.15550231933594,35462000,0,0.0
2021-01-29,92.30850219726562,92.86399841308594,90.51000213623047,91.78700256347656,32252000,0,0.0
2021-02-01,92.67849731445312,96.11959838867188,92.54650115966797,95.06749725341797,32044000,0,0.0
2021-02-02,96.12799835205078,97.78800201416016,95.72450256347656,96.37550354003906,45474000,0,0.0
2021-02-03,103.6500015258789,105.82499694824219,100.91899871826172,103.50350189208984,82364000,0,0.0
2021-02-04,103.44450378417969,103.92749786376953,102.12950134277344,103.11849975585938,37046000,0,0.0
2021-02-05,103.5,105.12550354003906,102.96649932861328,104.9000015258789,30702000,0,0.0
2021-02-08,105.29550170898438,106.17735290527344,103.5999984741211,104.64550018310547,24838000,0,0.0
2021-02-09,103.927001953125,105.25650024414062,103.927001953125,104.17549896240234,17798000,0,0.0
2021-02-10,104.71050262451172,105.41850280761719,103.15450286865234,104.76899719238281,22710000,0,0.0
2021-02-11,104.97550201416016,105.10150146484375,103.86599731445312,104.79450225830078,18914000,0,0.0
2021-02-12,104.51249694824219,105.44100189208984,104.15650177001953,105.20549774169922,17114000,0,0.0
2021-02-16,105.21800231933594,107.63400268554688,105.21800231933594,106.09500122070312,22676000,0,0.0
2021-02-17,105.0,106.68299865722656,104.94599914550781,106.41549682617188,21418000,0,0.0
2021-02-18,105.51950073242188,106.63674926757812,105.18550109863281,105.86000061035156,22432000,0,0.0
2021-02-19,105.9635009765625,106.52649688720703,104.87049865722656,105.05699920654297,29148000,0,0.0
2021-02-22,103.3499984741211,104.57099914550781,103.10700225830078,103.24400329589844,27350000,0,0.0
2021-02-23,101.25050354003906,104.10050201416016,100.10099792480469,103.54299926757812,33348000,0,0.0
2021-02-24,102.09149932861328,105.03900146484375,101.90650177001953,104.75849914550781,24966000,0,0.0
2021-02-25,103.37249755859375,104.74400329589844,101.06449890136719,101.56800079345703,36568000,0,0.0
2021-02-26,102.5260009765625,103.55049896240234,100.8030014038086,101.84300231933594,41670000,0,0.0
2021-03-01,102.82599639892578,104.32599639892578,102.30500030517578,104.07550048828125,28090000,0,0.0
2021-03-02,103.80950164794922,105.21849822998047,103.56300354003906,103.79199981689453,22692000,0,0.0
2021-03-03,103.3604965209961,104.4259033203125,100.5,101.33550262451172,29684000,0,0.0
2021-03-04,101.16850280761719,104.46199798583984,101.01349639892578,102.45449829101562,42360000,0,0.0
2021-03-05,103.65599822998047,105.90550231933594,102.32074737548828,105.427001953125,43904000,0,0.0
2021-03-08,105.05650329589844,106.44049835205078,101.08049774169922,101.20850372314453,32948000,0,0.0
2021-03-09,103.5,103.9020004272461,102.3915023803711,102.63500213623047,33946000,0,0.0
2021-03-10,103.58799743652344,103.75,101.66850280761719,102.75150299072266,25372000,0,0.0
2021-03-11,103.7030029296875,106.28500366210938,103.61900329589844,105.7385025024414,24782000,0,0.0
2021-03-12,104.25,104.51300048828125,102.37750244140625,103.09600067138672,34516000,0,0.0
2021-03-15,103.11499786376953,103.35299682617188,102.17549896240234,103.32450103759766,25962000,0,0.0
2021-03-16,103.94950103759766,106.1780014038086,103.5,104.6259994506836,29832000,0,0.0
2021-03-17,103.80149841308594,105.48899841308594,102.69999694824219,104.55400085449219,25980000,0,0.0
2021-03-18,103.05000305175781,103.7750015258789,101.67749786376953,101.81099700927734,27228000,0,0.0
2021-03-19,102.10250091552734,102.65499877929688,100.88400268554688,102.16000366210938,46298000,0,0.0
2021-03-22,102.09200286865234,102.89949798583984,101.30349731445312,101.92949676513672,39096000,0,0.0
2021-03-23,102.58499908447266,103.61509704589844,101.96099853515625,102.64800262451172,27340000,0,0.0
2021-03-24,103.26850128173828,103.9104995727539,102.07775115966797,102.25299835205078,23080000,0,0.0
2021-03-25,102.2405014038086,102.94349670410156,100.5364990234375,102.21800231933594,28378000,0,0.0
2021-03-26,101.94300079345703,102.54949951171875,100.70099639892578,101.77749633789062,29870000,0,0.0
2021-03-29,101.39399719238281,102.92150115966797,100.78099822998047,102.79750061035156,24596000,0,0.0
2021-03-30,102.88150024414062,103.53900146484375,102.20149993896484,102.7770004272461,20732000,0,0.0
2021-03-31,102.95600128173828,104.66635131835938,102.83724975585938,103.43150329589844,29198000,0,0.0
2021-04-01,104.89749908447266,107.14700317382812,104.84449768066406,106.88749694824219,33980000,0,0.0
2021-04-05,107.64700317382812,111.8655014038086,107.58100128173828,111.27749633789062,43298000,0,0.0
2021-04-06,111.125,111.88300323486328,110.73999786376953,111.23750305175781,27060000,0,0.0
2021-04-07,111.30650329589844,112.75,111.2665023803711,112.48400115966797,25798000,0,0.0
2021-04-08,113.89800262451172,114.20024871826172,112.88400268554688,113.27200317382812,27166000,0,0.0
2021-04-09,112.83499908447266,114.4520034790039,112.68569946289062,114.29399871826172,20888000,0,0.0
2021-04-12,113.3125,113.76599884033203,111.92324829101562,112.739501953125,31318000,0,0.0
2021-04-13,113.07350158691406,113.8604965209961,112.80449676513672,113.3635025024414,23310000,0,0.0
2021-04-14,113.75800323486328,113.89949798583984,112.45950317382812,112.74199676513672,20220000,0,0.0
2021-04-15,113.8489990234375,115.32984924316406,113.30000305175781,114.83300018310547,27472000,0,0.0
2021-04-16,115.1500015258789,115.3219985961914,114.22250366210938,114.88800048828125,22596000,0,0.0
2021-04-19,114.5989990234375,115.92250061035156,114.39225006103516,115.12000274658203,24688000,0,0.0
2021-04-20,115.39450073242188,115.4800033569336,113.58550262451172,114.68150329589844,21774000,0,0.0
2021-04-21,114.26249694824219,114.76599884033203,112.92849731445312,114.66449737548828,23930000,0,0.0
2021-04-22,114.6614990234375,115.18810272216797,112.82250213623047,113.39600372314453,21096000,0,0.0
2021-04-23,114.17350006103516,116.29100036621094,113.9104995727539,115.76499938964844,28670000,0,0.0
2021-04-26,115.99649810791016,117.06300354003906,115.69200134277344,116.33699798583984,20834000,0,0.0
2021-04-27,116.80000305175781,116.87249755859375,115.2135009765625,115.35600280761719,31972000,0,0.0
2021-04-28,120.35724639892578,122.618896484375,118.74250030517578,118.99549865722656,59728000,0,0.0
2021-04-29,120.5165023803711,121.82599639892578,120.11399841308594,121.49449920654297,39554000,0,0.0
2021-04-30,120.22450256347656,121.35700225830078,120.10800170898438,120.50599670410156,39142000,0,0.0
2021-05-03,120.13600158691406,120.98500061035156,119.2249984741211,119.75849914550781,33788000,0,0.0
2021-05-04,118.48699951171875,118.96299743652344,115.58499908447266,117.7125015258789,35120000,0,0.0
2021-05-05,118.4209976196289,119.11000061035156,117.57050323486328,117.83699798583984,21806000,0,0.0
2021-05-06,117.53199768066406,119.135498046875,117.11689758300781,119.06749725341797,20618000,0,0.0
2021-05-07,120.0,120.82050323486328,119.5,119.93450164794922,23272000,0,0.0
2021-05-10,118.74449920654297,118.9000015258789,116.73650360107422,117.08300018310547,26006000,0,0.0
2021-05-11,114.59300231933594,116.0999984741211,114.1500015258789,115.43800354003906,32110000,0,0.0
2021-05-12,113.08550262451172,114.26850128173828,111.50250244140625,111.9540023803711,34934000,0,0.0
2021-05-13,113.05449676513672,113.83004760742188,112.13600158691406,113.09850311279297,26670000,0,0.0
2021-05-14,114.59149932861328,116.05699920654297,114.16600036621094,115.80799865722656,26624000,0,0.0
2021-05-17,115.46600341796875,116.16699981689453,114.75,116.07050323486328,19842000,0,0.0
2021-05-18,116.84529876708984,117.15750122070312,115.15799713134766,115.17150115966797,17302000,0,0.0
2021-05-19,113.22000122070312,115.83799743652344,113.1760025024414,115.43550109863281,19350000,0,0.0
2021-05-20,116.4020004272461,118.01699829101562,116.05449676513672,117.80449676513672,23832000,0,0.0
2021-05-21,118.29949951171875,118.44999694824219,117.11849975585938,117.25499725341797,22832000,0,0.0
2021-05-24,118.3499984741211,120.92400360107422,118.00550079345703,120.33350372314453,21244000,0,0.0
2021-05-25,121.0,121.64450073242188,120.14949798583984,120.45349884033203,18838000,0,0.0
2021-05-26,120.6417465209961,122.14720153808594,120.62574768066406,121.67649841308594,21856000,0,0.0
2021-05-27,121.84700012207031,122.0,120.0999984741211,120.12550354003906,38962000,0,0.0
2021-05-28,121.0979995727539,121.40699768066406,120.3844985961914,120.5780029296875,24108000,0,0.0
2021-06-01,121.0999984741211,121.89855194091797,120.24400329589844,121.4905014038086,19166000,0,0.0
2021-06-02,121.7655029296875,122.0999984741211,120.20999908447266,121.06400299072266,17158000,0,0.0
2021-06-03,119.7509994506836,120.48725128173828,119.1415023803711,120.23049926757812,18346000,0,0.0
2021-06-04,121.1259994506836,122.69294738769531,120.88849639892578,122.58799743652344,25948000,0,0.0
2021-06-07,122.56600189208984,123.4000015258789,122.05364990234375,123.30449676513672,23850000,0,0.0
2021-06-08,123.99500274658203,124.72474670410156,123.41200256347656,124.14250183105469,25060000,0,0.0
2021-06-09,124.9749984741211,125.25,124.36650085449219,124.56999969482422,20126000,0,0.0
2021-06-10,124.70050048828125,126.16300201416016,124.69999694824219,126.08000183105469,31234000,0,0.0
2021-06-11,126.24600219726562,126.34950256347656,124.91449737548828,125.69650268554688,25240000,0,0.0
2021-06-14,125.66950225830078,126.4114990234375,125.0469970703125,126.35199737548828,22550000,0,0.0
2021-06-15,126.52200317382812,126.86199951171875,125.64849853515625,126.03299713134766,22182000,0,0.0
2021-06-16,126.24749755859375,126.52349853515625,124.14994812011719,125.69650268554688,26316000,0,0.0
2021-06-17,125.52300262451172,127.19650268554688,125.51499938964844,126.37100219726562,25756000,0,0.0
2021-06-18,125.70549774169922,126.38899993896484,124.60299682617188,125.56749725341797,53306000,0,0.0
2021-06-21,125.73999786376953,127.03675079345703,125.13424682617188,126.45500183105469,26256000,0,0.0
2021-06-22,126.44999694824219,127.2699966430664,126.02649688720703,126.99949645996094,20984000,0,0.0
2021-06-23,126.55000305175781,127.7959976196289,126.25199890136719,126.46150207519531,19694000,0,0.0
2021-06-24,127.05349731445312,127.5354995727539,126.95999908447266,127.28199768066406,18934000,0,0.0
2021-06-25,126.95700073242188,127.50499725341797,126.44400024414062,126.99500274658203,33484000,0,0.0
2021-06-28,127.0,127.33699798583984,125.97380065917969,126.81950378417969,28110000,0,0.0
2021-06-29,126.77249908447266,127.0,125.43699645996094,126.01850128173828,20950000,0,0.0
2021-06-30,125.65354919433594,125.80000305175781,124.75749969482422,125.31600189208984,24006000,0,0.0
2021-07-01,124.84974670410156,126.4625015258789,124.84974670410156,126.36849975585938,17120000,0,0.0
2021-07-02,126.8395004272461,128.84800720214844,126.76899719238281,128.718994140625,21160000,0,0.0
2021-07-06,129.44949340820312,129.88450622558594,128.40899658203125,129.77099609375,21350000,0,0.0
2021-07-07,130.34100341796875,130.639892578125,129.75999450683594,130.07749938964844,16680000,0,0.0
2021-07-08,128.25,130.03250122070312,128.0399932861328,129.177001953125,19780000,0,0.0
2021-07-09,128.9445037841797,129.84950256347656,128.94349670410156,129.57449340820312,15106000,0,0.0
2021-07-12,129.83349609375,130.77000427246094,129.60000610351562,130.56399536132812,16944000,0,0.0
2021-07-13,130.88150024414062,132.04200744628906,130.63699340820312,130.9945068359375,16618000,0,0.0
2021-07-14,131.90150451660156,132.99600219726562,131.8979949951172,132.08250427246094,17912000,0,0.0
2021-07-15,132.5,132.59500122070312,130.59800720214844,131.26649475097656,16586000,0,0.0
2021-07-16,131.64100646972656,132.18299865722656,130.82150268554688,131.8455047607422,14856000,0,0.0
2021-07-19,131.15550231933594,131.2469940185547,128.53700256347656,129.25399780273438,25710000,0,0.0
2021-07-20,130.00399780273438,132.0013427734375,129.1884002685547,131.10150146484375,19084000,0,0.0
2021-07-21,130.78700256347656,132.61724853515625,130.60150146484375,132.60049438476562,14742000,0,0.0
2021-07-22,132.64999389648438,133.50450134277344,132.39999389648438,133.32850646972656,13608000,0,0.0
2021-07-23,135.25999450683594,138.80850219726562,134.70050048828125,137.8159942626953,26378000,0,0.0
2021-07-26,138.25,139.71299743652344,137.6510009765625,139.64450073242188,23052000,0,0.0
2021-07-27,140.01100158691406,140.01100158691406,135.10000610351562,136.79649353027344,42164000,0,0.0
2021-07-28,138.56199645996094,139.67599487304688,136.35000610351562,136.38150024414062,54688000,0,0.0
2021-07-29,136.38059997558594,137.15150451660156,136.13800048828125,136.54049682617188,19284000,0,0.0
2021-07-30,135.51100158691406,135.77134704589844,134.81419372558594,135.2209930419922,23954000,0,0.0
2021-08-02,135.4844970703125,136.02049255371094,134.66949462890625,135.989501953125,20140000,0,0.0
2021-08-03,136.0,136.3354949951172,134.18350219726562,136.27999877929688,19064000,0,0.0
2021-08-04,136.24949645996094,136.53799438476562,135.4149932861328,136.02850341796875,16528000,0,0.0
2021-08-05,136.02850341796875,136.9499969482422,135.60000610351562,136.94000244140625,11866000,0,0.0
2021-08-06,136.2949981689453,137.08004760742188,136.04649353027344,137.03599548339844,13560000,0,0.0
2021-08-09,136.94900512695312,138.32150268554688,136.4287567138672,138.0019989013672,12374000,0,0.0
2021-08-10,138.07949829101562,138.55149841308594,137.22650146484375,138.09649658203125,16034000,0,0.0
2021-08-11,138.2830047607422,138.84774780273438,137.35000610351562,137.6894989013672,15204000,0,0.0
2021-08-12,137.71299743652344,138.41799926757812,136.7790069580078,138.38949584960938,14646000,0,0.0
2021-08-13,138.3574981689453,138.6739959716797,138.0050048828125,138.406005859375,12580000,0,0.0
2021-08-16,138.0,138.99049377441406,136.16575622558594,138.91600036621094,18040000,0,0.0
2021-08-17,138.1909942626953,138.718505859375,136.78750610351562,137.30050659179688,21272000,0,0.0
2021-08-18,137.11549377441406,138.29400634765625,136.42100524902344,136.57000732421875,14934000,0,0.0
2021-08-19,135.46749877929688,137.45199584960938,135.3560028076172,136.9134979248047,18296000,0,0.0
2021-08-20,137.08299255371094,138.614501953125,136.4669952392578,138.43699645996094,15564000,0,0.0
2021-08-23,138.99850463867188,142.177001953125,138.74795532226562,141.09950256347656,21090000,0,0.0
2021-08-24,141.5435028076172,143.00750732421875,141.35350036621094,142.39849853515625,15126000,0,0.0
2021-08-25,142.88299560546875,143.31300354003906,142.4394989013672,142.9499969482422,12838000,0,0.0
2021-08-26,142.61849975585938,143.13479614257812,142.0915069580078,142.1230010986328,14922000,0,0.0
2021-08-27,142.1125030517578,145.01100158691406,142.02000427246094,144.55050659179688,24562000,0,0.0
2021-08-30,144.70449829101562,146.489501953125,144.60000610351562,145.46949768066406,16916000,0,0.0
2021-08-31,145.88450622558594,146.11199951171875,145.0,145.46200561523438,26756000,0,0.0
2021-09-01,145.64999389648438,146.82049560546875,145.614501953125,145.8419952392578,15824000,0,0.0
2021-09-02,145.94949340820312,146.3249969482422,144.10650634765625,144.218994140625,21844000,0,0.0
2021-09-03,144.14599609375,145.3769989013672,143.5050048828125,144.77499389648438,19104000,0,0.0
2021-09-07,144.74949645996094,145.82400512695312,144.54100036621094,145.5189971923828,15170000,0,0.0
2021-09-08,145.39349365234375,145.55099487304688,144.1999969482422,144.8834991455078,15486000,0,0.0
2021-09-09,144.8834991455078,145.66949462890625,144.4340057373047,144.9134979248047,14798000,0,0.0
2021-09-10,145.44349670410156,146.0189971923828,141.7415008544922,141.92100524902344,32896000,0,0.0
2021-09-13,143.2010040283203,144.1909942626953,142.28250122070312,143.46499633789062,20176000,0,0.0
2021-09-14,144.16099548339844,144.7274932861328,142.90550231933594,143.406005859375,18916000,0,0.0
2021-09-15,143.75900268554688,145.5814971923828,142.25599670410156,145.20599365234375,20648000,0,0.0
2021-09-16,145.12100219726562,145.1999969482422,143.41635131835938,144.37350463867188,20292000,0,0.0
2021-09-17,143.79849243164062,144.24949645996094,141.06149291992188,141.4635009765625,60040000,0,0.0
2021-09-20,139.0001983642578,139.3625030517578,137.05299377441406,139.01699829101562,34918000,0,0.0
2021-09-21,140.11700439453125,140.8115997314453,138.90550231933594,139.64649963378906,18130000,0,0.0
2021-09-22,140.05050659179688,141.58349609375,139.4717559814453,140.93850708007812,22068000,0,0.0
2021-09-23,141.6094970703125,142.25245666503906,141.09649658203125,141.82650756835938,17272000,0,0.0
2021-09-24,140.9459991455078,142.90350341796875,140.85049438476562,142.63299560546875,14950000,0,0.0
2021-09-27,141.5854949951172,142.5,140.5,141.50100708007812,18844000,0,0.0
2021-09-28,139.0885009765625,139.60650634765625,135.6999969482422,136.1840057373047,42190000,0,0.0
2021-09-29,137.1096954345703,137.39849853515625,134.25,134.52099609375,26338000,0,0.0
2021-09-30,134.3249969482422,135.58999633789062,133.0,133.2655029296875,35294000,0,0.0
2021-10-01,133.55450439453125,137.0709991455078,133.37750244140625,136.46249389648438,28388000,0,0.0
2021-10-04,135.69949340820312,135.6999969482422,131.16650390625,133.76499938964844,31530000,0,0.0
2021-10-05,134.0,137.36199951171875,134.0,136.177001953125,24126000,0,0.0
2021-10-06,134.62550354003906,137.8520050048828,134.4864959716797,137.35400390625,19764000,0,0.0
2021-10-07,138.86300659179688,140.15444946289062,138.56300354003906,139.1855010986328,18250000,0,0.0
2021-10-08,139.906005859375,140.31700134277344,139.42935180664062,140.05599975585938,18924000,0,0.0
2021-10-11,139.8000030517578,140.76365661621094,138.80650329589844,138.84750366210938,16584000,0,0.0
2021-10-12,139.6374969482422,139.69500732421875,136.25,136.71299743652344,22536000,0,0.0
2021-10-13,137.75,138.5500030517578,136.97650146484375,137.89999389648438,16380000,0,0.0
2021-10-14,139.95199584960938,141.65150451660156,139.33900451660156,141.41200256347656,21426000,0,0.0
2021-10-15,142.1999969482422,142.1999969482422,141.0644989013672,141.6750030517578,21250000,0,0.0
2021-10-18,141.2135009765625,142.99874877929688,141.2135009765625,142.9604949951172,16564000,0,0.0
2021-10-19,143.29150390625,144.10699462890625,143.0959930419922,143.82200622558594,15316000,0,0.0
2021-10-20,144.22250366210938,144.2477569580078,141.91200256347656,142.4149932861328,17940000,0,0.0
2021-10-21,142.19200134277344,142.84950256347656,141.63699340820312,142.78050231933594,14850000,0,0.0
2021-10-22,140.3509979248047,141.55850219726562,137.17050170898438,138.625,30182000,0,0.0
2021-10-25,138.8105010986328,139.20579528808594,136.74850463867188,138.7729949951172,21082000,0,0.0
2021-10-26,140.6060028076172,140.83949279785156,139.0054931640625,139.6719970703125,28258000,0,0.0
2021-10-27,139.90249633789062,149.1179962158203,139.90249633789062,146.42750549316406,51850000,0,0.0
2021-10-28,147.2989959716797,147.42449951171875,144.7635040283203,146.12899780273438,32418000,0,0.0
2021-10-29,145.52000427246094,148.61300659179688,145.16650390625,148.27049255371094,28954000,0,0.0
2021-11-01,148.1649932861328,148.39950561523438,143.57949829101562,143.7740020751953,32272000,0,0.0
2021-11-02,144.8094024658203,146.92050170898438,144.64100646972656,145.86300659179688,21150000,0,0.0
2021-11-03,146.27499389648438,146.91050720214844,145.05349731445312,146.7899932861328,17886000,0,0.0
2021-11-04,147.1999969482422,149.9499969482422,146.63499450683594,148.68299865722656,24700000,0,0.0
2021-11-05,149.35350036621094,150.5707550048828,148.65199279785156,149.24099731445312,20408000,0,0.0
2021-11-08,150.0,151.0345001220703,149.1199951171875,149.35150146484375,18388000,0,0.0
2021-11-09,149.74600219726562,150.3784942626953,147.5070037841797,149.24850463867188,16876000,0,0.0
2021-11-10,148.00975036621094,148.6999969482422,145.3249969482422,146.62600708007812,22708000,0,0.0
2021-11-11,147.10699462890625,148.5022430419922,146.6945037841797,146.7480010986328,12464000,0,0.0
2021-11-12,147.8314971923828,149.8594970703125,146.45399475097656,149.64549255371094,17048000,0,0.0
2021-11-15,150.0,150.4770050048828,148.65249633789062,149.38800048828125,16248000,0,0.0
2021-11-16,149.17050170898438,149.83250427246094,148.35000610351562,149.0760040283203,17254000,0,0.0
2021-11-17,149.22900390625,149.62600708007812,148.56300354003906,149.06199645996094,15290000,0,0.0
2021-11-18,149.14599609375,151.61000061035156,148.99850463867188,150.70899963378906,26658000,0,0.0
2021-11-19,151.0,151.85000610351562,149.8874969482422,149.95249938964844,19766000,0,0.0
2021-11-22,150.14175415039062,150.7445068359375,147.0054931640625,147.07850646972656,24608000,0,0.0
2021-11-23,147.11300659179688,147.69400024414062,144.88949584960938,146.7570037841797,18126000,0,0.0
2021-11-24,146.35000610351562,147.0,145.19900512695312,146.71749877929688,16464000,0,0.0
2021-11-26,145.0155029296875,145.2969970703125,142.48550415039062,142.80599975585938,16992000,0,0.0
2021-11-29,144.29849243164062,146.86199951171875,144.29849243164062,146.11399841308594,26276000,0,0.0
2021-11-30,145.45025634765625,146.6284942626953,142.0659942626953,142.45199584960938,41590000,0,0.0
2021-12-01,144.21249389648438,146.4991455078125,141.5,141.6179962158203,28476000,0,0.0
2021-12-02,141.82400512695312,144.6750030517578,140.98199462890625,143.77650451660156,21250000,0,0.0
2021-12-03,144.49549865722656,145.21299743652344,141.14999389648438,142.52049255371094,26688000,0,0.0
2021-12-06,143.57400512695312,144.35150146484375,140.64700317382812,143.79649353027344,22198000,0,0.0
2021-12-07,145.9499969482422,148.3000030517578,145.70249938964844,148.0364990234375,23258000,0,0.0
2021-12-08,148.3314971923828,149.156494140625,147.1999969482422,148.7205047607422,18964000,0,0.0
2021-12-09,148.17599487304688,149.60499572753906,147.5290069580078,148.1060028076172,18580000,0,0.0
2021-12-10,149.10000610351562,149.39999389648438,147.3574981689453,148.6750030517578,21634000,0,0.0
2021-12-13,148.44400024414062,148.5625,146.36000061035156,146.70449829101562,24104000,0,0.0
2021-12-14,144.77000427246094,145.44200134277344,142.24249267578125,144.9705047607422,24778000,0,0.0
2021-12-15,144.36599731445312,147.51724243164062,142.70550537109375,147.36849975585938,27280000,0,0.0
2021-12-16,148.07699584960938,148.55149841308594,144.09249877929688,144.8385009765625,27400000,0,0.0
2021-12-17,142.71449279785156,144.46009826660156,141.78799438476562,142.80299377441406,43404000,0,0.0
2021-12-20,140.67959594726562,142.61050415039062,140.25,142.40150451660156,20264000,0,0.0
2021-12-21,143.14999389648438,144.69204711914062,141.73500061035156,144.2205047607422,19548000,0,0.0
2021-12-22,144.10000610351562,147.30299377441406,143.96299743652344,146.94900512695312,18438000,0,0.0
2021-12-23,147.08949279785156,148.57260131835938,146.9508514404297,147.1425018310547,13818000,0,0.0
2021-12-27,147.4635009765625,148.42649841308594,147.25,148.06399536132812,13256000,0,0.0
2021-12-28,148.37449645996094,148.37449645996094,145.9355010986328,146.447998046875,18624000,0,0.0
2021-12-29,146.42950439453125,147.18374633789062,145.50450134277344,146.50450134277344,17022000,0,0.0
2021-12-30,146.4499969482422,147.0625,145.7584991455078,146.00250244140625,12978000,0,0.0
2021-12-31,145.54400634765625,146.36500549316406,144.67750549316406,144.67950439453125,17298000,0,0.0
2022-01-03,144.47549438476562,145.5500030517578,143.50250244140625,145.07449340820312,25214000,0,0.0
2022-01-04,145.55050659179688,146.61000061035156,143.81614685058594,144.41650390625,22928000,0,0.0
2022-01-05,144.18099975585938,144.29800415039062,137.52349853515625,137.65350341796875,49642000,0,0.0
2022-01-06,137.49749755859375,139.68600463867188,136.7635040283203,137.55099487304688,29050000,0,0.0
2022-01-07,137.90499877929688,138.25474548339844,135.78900146484375,137.00450134277344,19408000,0,0.0
2022-01-10,135.0989990234375,138.63999938964844,133.1405029296875,138.57400512695312,34096000,0,0.0
2022-01-11,138.1804962158203,140.32949829101562,136.81350708007812,140.0175018310547,23502000,0,0.0
2022-01-12,141.55450439453125,142.8142547607422,141.11199951171875,141.6479949951172,23642000,0,0.0
2022-01-13,141.8404998779297,143.1855010986328,138.91400146484375,139.13099670410156,26566000,0,0.0
2022-01-14,137.5,141.20050048828125,137.5,139.7864990234375,23826000,0,0.0
2022-01-18,136.60000610351562,137.39149475097656,135.61700439453125,136.29049682617188,27382000,0,0.0
2022-01-19,136.93850708007812,138.39950561523438,135.5,135.65199279785156,20796000,0,0.0
2022-01-20,136.51400756835938,137.91200256347656,133.14450073242188,133.50650024414062,21930000,0,0.0
2022-01-21,133.01199340820312,134.760498046875,130.00100708007812,130.0919952392578,41920000,0,0.0
2022-01-24,126.02749633789062,130.77850341796875,124.64195251464844,130.3719940185547,55148000,0,0.0
2022-01-25,128.4355010986328,129.3385009765625,126.37799835205078,126.7354965209961,36008000,0,0.0
2022-01-26,130.59249877929688,132.8074951171875,127.15350341796875,129.24000549316406,39630000,0,0.0
2022-01-27,131.36099243164062,132.60995483398438,128.94500732421875,129.12100219726562,30248000,0,0.0
2022-01-28,130.0,133.37049865722656,128.6945037841797,133.2895050048828,30518000,0,0.0
2022-01-31,134.197998046875,135.843505859375,132.2740020751953,135.69850158691406,34056000,0,0.0
2022-02-01,137.8350067138672,138.1999969482422,134.56825256347656,137.8784942626953,51204000,0,0.0
2022-02-02,151.86349487304688,152.10000610351562,145.5574951171875,148.0364990234375,89750000,0,0.0
2022-02-03,145.2949981689453,149.11770629882812,142.2050018310547,142.65049743652344,56930000,0,0.0
2022-02-04,143.01699829101562,144.53524780273438,139.8175048828125,143.01600646972656,49224000,0,0.0
2022-02-07,143.70899963378906,143.84649658203125,138.69900512695312,138.93800354003906,44610000,0,0.0
2022-02-08,138.9912567138672,139.83709716796875,136.8730010986328,139.21299743652344,34256000,0,0.0
2022-02-09,140.84974670410156,142.17550659179688,140.3769989013672,141.4530029296875,28628000,0,0.0
2022-02-10,139.5,141.43099975585938,138.0500030517578,138.6024932861328,33018000,0,0.0
2022-02-11,138.75,139.2832489013672,133.2884979248047,134.1300048828125,38808000,0,0.0
2022-02-14,133.36549377441406,136.16650390625,133.302001953125,135.3000030517578,26792000,0,0.0
2022-02-15,137.47149658203125,137.89999389648438,135.5395050048828,136.42550659179688,26578000,0,0.0
2022-02-16,136.4304962158203,137.9459991455078,134.8236541748047,137.4875030517578,25610000,0,0.0
2022-02-17,136.14999389648438,136.83949279785156,132.20199584960938,132.30850219726562,30968000,0,0.0
2022-02-18,133.03750610351562,133.82400512695312,130.3070526123047,130.46749877929688,31858000,0,0.0
2022-02-22,129.98500061035156,131.9007568359375,127.74099731445312,129.40249633789062,38906000,0,0.0
2022-02-23,131.07850646972656,131.74899291992188,127.50350189208984,127.58499908447266,26432000,0,0.0
2022-02-24,125.0,133.03700256347656,124.7645034790039,132.67349243164062,43166000,0,0.0
2022-02-25,133.52549743652344,135.38900756835938,131.76499938964844,134.51950073242188,26236000,0,0.0
2022-02-28,133.2845001220703,135.6405029296875,132.82525634765625,134.89100646972656,29676000,0,0.0
2022-03-01,134.47999572753906,136.11099243164062,133.3784942626953,134.16799926757812,24640000,0,0.0
2022-03-02,134.60824584960938,135.61549377441406,133.4324951171875,134.75149536132812,23966000,0,0.0
2022-03-03,135.97850036621094,136.71380615234375,133.43099975585938,134.30799865722656,19780000,0,0.0
2022-03-04,133.38250732421875,134.19900512695312,130.4084930419922,132.1219940185547,24446000,0,0.0
2022-03-07,131.9040069580078,131.9040069580078,126.41000366210938,126.4645004272461,39178000,0,0.0
2022-03-08,126.25050354003906,131.2465057373047,125.86074829101562,127.27850341796875,35250000,0,0.0
2022-03-09,131.39999389648438,134.19850158691406,130.08799743652344,133.86599731445312,32258000,0,0.0
2022-03-10,131.46249389648438,133.5384979248047,131.4010009765625,132.6820068359375,24266000,0,0.0
2022-03-11,133.99949645996094,134.1999969482422,130.29649353027344,130.47549438476562,26600000,0,0.0
2022-03-14,130.572998046875,131.0260009765625,126.41300201416016,126.74099731445312,30254000,0,0.0
2022-03-15,127.74150085449219,130.51724243164062,126.56800079345703,129.66050720214844,30292000,0,0.0
2022-03-16,131.0,133.77099609375,129.2010040283203,133.6905059814453,32058000,0,0.0
2022-03-17,133.3209991455078,134.739501953125,132.718994140625,134.60049438476562,23994000,0,0.0
2022-03-18,133.88400268554688,136.9134979248047,132.9320068359375,136.80149841308594,45900000,0,0.0
2022-03-21,136.84750366210938,137.58250427246094,134.6114959716797,136.47850036621094,26632000,0,0.0
2022-03-22,136.5,141.5,136.5,140.27749633789062,29776000,0,0.0
2022-03-23,139.1385040283203,140.02499389648438,138.16650390625,138.5034942626953,25302000,0,0.0
2022-03-24,139.2725067138672,141.39649963378906,138.03939819335938,141.31199645996094,20544000,0,0.0
2022-03-25,141.75399780273438,141.95950317382812,139.69949340820312,141.52149963378906,19270000,0,0.0
2022-03-28,140.6844940185547,141.97650146484375,139.82815551757812,141.9499969482422,23774000,0,0.0
2022-03-29,143.16050720214844,144.16250610351562,142.48399353027344,143.25,28678000,0,0.0
2022-03-30,142.8699951171875,143.48049926757812,142.16799926757812,142.64450073242188,21046000,0,0.0
2022-03-31,142.44850158691406,142.64450073242188,139.61900329589844,139.64950561523438,29516000,0,0.0
2022-04-01,140.00999450683594,140.9499969482422,138.7969970703125,140.6999969482422,23480000,0,0.0
2022-04-04,140.82449340820312,144.0437469482422,140.82449340820312,143.6425018310547,19076000,0,0.0
2022-04-05,143.39950561523438,143.58999633789062,140.94349670410156,141.06300354003906,19256000,0,0.0
2022-04-06,139.1614990234375,139.84849548339844,136.41810607910156,137.17599487304688,23574000,0,0.0
2022-04-07,136.6179962158203,137.70150756835938,134.8572540283203,136.46499633789062,19448000,0,0.0
2022-04-08,136.25,136.25,133.75250244140625,134.010498046875,16434000,0,0.0
2022-04-11,132.89999389648438,132.93919372558594,129.61749267578125,129.79649353027344,24188000,0,0.0
2022-04-12,132.42349243164062,132.42349243164062,127.57599639892578,128.37449645996094,23004000,0,0.0
2022-04-13,128.62649536132812,130.65574645996094,128.4385986328125,130.28599548339844,19542000,0,0.0
2022-04-14,130.64950561523438,130.7102508544922,127.11150360107422,127.25299835205078,23484000,0,0.0
2022-04-18,127.41000366210938,128.71200561523438,126.57845306396484,127.96099853515625,14918000,0,0.0
2022-04-19,128.07699584960938,130.90374755859375,127.45149993896484,130.531005859375,22720000,0,0.0
2022-04-20,131.28399658203125,131.92349243164062,127.89405059814453,128.24549865722656,22610000,0,0.0
2022-04-21,129.35000610351562,130.3074951171875,124.6500015258789,124.9375,30158000,0,0.0
2022-04-22,125.0,125.4520034790039,119.1405029296875,119.61399841308594,46410000,0,0.0
2022-04-25,119.42949676513672,123.27799987792969,118.76924896240234,123.25,34522000,0,0.0
2022-04-26,122.75,122.75,119.16184997558594,119.50599670410156,49394000,0,0.0
2022-04-27,114.37300109863281,117.5,113.12425231933594,115.02050018310547,62238000,0,0.0
2022-04-28,117.11499786376953,120.4384994506836,115.1438980102539,119.4114990234375,36790000,0,0.0
2022-04-29,117.5780029296875,118.95999908447266,114.69400024414062,114.96649932861328,33694000,0,0.0
2022-05-02,113.90650177001953,117.3395004272461,113.39949798583984,117.15699768066406,30280000,0,0.0
2022-05-03,116.76499938964844,119.30000305175781,116.62699890136719,118.12950134277344,21216000,0,0.0
2022-05-04,118.00350189208984,123.14299774169922,115.7385025024414,122.57499694824219,33232000,0,0.0
2022-05-05,120.22049713134766,121.2332534790039,115.18250274658203,116.74649810791016,43090000,0,0.0
2022-05-06,115.51899719238281,117.49849700927734,114.14299774169922,115.66000366210938,35310000,0,0.0
2022-05-09,113.30349731445312,115.56289672851562,112.55149841308594,113.08399963378906,34520000,0,0.0
2022-05-10,116.04049682617188,116.69100189208984,113.38330078125,114.58450317382812,31158000,0,0.0
2022-05-11,113.71050262451172,116.6709976196289,113.6500015258789,113.96099853515625,36502000,0,0.0
2022-05-12,111.93800354003906,114.85649871826172,110.1135025024414,113.16100311279297,41464000,0,0.0
2022-05-13,114.84549713134766,118.08499908447266,114.0,116.5155029296875,29738000,0,0.0
2022-05-16,115.38400268554688,116.60749816894531,114.33499908447266,114.7925033569336,23282000,0,0.0
2022-05-17,117.22750091552734,117.22750091552734,115.3375015258789,116.70149993896484,21576000,0,0.0
2022-05-18,115.23750305175781,115.69564819335938,112.14199829101562,112.4010009765625,27982000,0,0.0
2022-05-19,111.84100341796875,113.5875015258789,110.46800231933594,110.74549865722656,29192000,0,0.0
2022-05-20,112.08550262451172,112.55000305175781,106.37300109863281,109.31300354003906,37586000,0,0.0
2022-05-23,110.10399627685547,112.00550079345703,109.15425109863281,111.66649627685547,31558000,0,0.0
2022-05-24,106.37750244140625,106.3949966430664,102.20800018310547,105.9260025024414,60386000,0,0.0
2022-05-25,105.14199829101562,106.5447006225586,104.21125030517578,105.8395004272461,37900000,0,0.0
2022-05-26,106.05049896240234,108.95525360107422,105.48799896240234,108.2959976196289,30288000,0,0.0
2022-05-27,109.78849792480469,112.86799621582031,109.55000305175781,112.79900360107422,29924000,0,0.0
2022-05-31,113.0790023803711,116.43350219726562,112.57250213623047,114.03900146484375,51302000,0,0.0
2022-06-01,114.93150329589844,117.39900207519531,113.55049896240234,114.13700103759766,28630000,0,0.0
2022-06-02,114.18800354003906,117.89800262451172,113.30799865722656,117.74600219726562,27472000,0,0.0
2022-06-03,115.99250030517578,116.364501953125,113.66799926757812,114.56400299072266,25052000,0,0.0
2022-06-06,116.74250030517578,119.39849853515625,116.5282974243164,117.010498046875,23786000,0,0.0
2022-06-07,115.64800262451172,117.74864959716797,115.12550354003906,117.22949981689453,26414000,0,0.0
2022-06-08,116.87650299072266,118.64600372314453,116.69674682617188,117.23799896240234,22544000,0,0.0
2022-06-09,116.34149932861328,118.3499984741211,114.86699676513672,114.91799926757812,23142000,0,0.0
2022-06-10,112.78125,113.49700164794922,110.86100006103516,111.42749786376953,31324000,0,0.0
2022-06-13,107.44599914550781,109.21849822998047,106.58805084228516,106.87650299072266,36756000,0,0.0
2022-06-14,106.88999938964844,108.4574966430664,106.35199737548828,107.19400024414062,25480000,0,0.0
2022-06-15,108.89949798583984,112.06300354003906,108.1187515258789,110.3905029296875,33192000,0,0.0
2022-06-16,108.14949798583984,109.29049682617188,105.7925033569336,106.63600158691406,35314000,0,0.0
2022-06-17,106.53500366210938,109.24949645996094,105.62854766845703,107.8655014038086,43516000,0,0.0
2022-06-21,109.7020034790039,112.6729965209961,109.29350280761719,112.01499938964844,39010000,0,0.0
2022-06-22,111.16300201416016,113.76950073242188,110.72429656982422,112.03399658203125,23922000,0,0.0
2022-06-23,112.94999694824219,113.19650268554688,111.02899932861328,112.68450164794922,24710000,0,0.0
2022-06-24,113.60299682617188,118.63749694824219,113.60299682617188,118.53800201416016,39122000,0,0.0
2022-06-27,118.93499755859375,119.25,116.00074768066406,116.62249755859375,32840000,0,0.0
2022-06-28,116.35099792480469,117.85649871826172,112.44400024414062,112.57150268554688,28232000,0,0.0
2022-06-29,112.14849853515625,113.66449737548828,111.55400085449219,112.25650024414062,18628000,0,0.0
2022-06-30,110.49949645996094,111.32980346679688,107.30999755859375,109.37249755859375,38046000,0,0.0
2022-07-01,108.33699798583984,109.80635070800781,107.1050033569336,109.08100128173828,31028000,0,0.0
2022-07-05,107.5145034790039,114.05259704589844,106.24949645996094,113.88700103759766,36398000,0,0.0
2022-07-06,114.09200286865234,116.35199737548828,112.25050354003906,115.2135009765625,28852000,0,0.0
2022-07-07,116.00800323486328,119.86199951171875,115.53399658203125,119.30599975585938,32184000,0,0.0
2022-07-08,117.55000305175781,120.43499755859375,117.51399993896484,120.16850280761719,29082000,0,0.0
2022-07-11,118.6500015258789,118.79450225830078,116.2344970703125,116.52249908447266,26718000,0,0.0
2022-07-12,116.8385009765625,117.84950256347656,114.61499786376953,114.84950256347656,24970000,0,0.0
2022-07-13,112.63899993896484,115.15699768066406,111.822998046875,112.18699645996094,38958000,0,0.0
2022-07-14,110.82599639892578,111.98750305175781,109.32550048828125,111.44000244140625,32366000,0,0.0
2022-07-15,112.96299743652344,114.00050354003906,111.82250213623047,112.76699829101562,34330000,0,0.0
2022-07-18,113.44000244140625,114.80000305175781,109.30000305175781,109.91000366210938,33354000,0,20.0
2022-07-19,111.7300033569336,114.80999755859375,110.5,114.62000274658203,30992300,0,0.0
2022-07-20,114.05999755859375,116.33000183105469,113.26000213623047,114.69999694824219,26780100,0,0.0
2022-07-21,115.08999633789062,115.20999908447266,111.91000366210938,115.04000091552734,27267800,0,0.0
2022-07-22,111.80999755859375,113.18000030517578,107.5999984741211,108.36000061035156,44455300,0,0.0
2022-07-25,108.87999725341797,110.58000183105469,107.01000213623047,108.20999908447266,28289900,0,0.0
2022-07-26,107.43000030517578,107.73999786376953,104.76000213623047,105.44000244140625,36626600,0,0.0
2022-07-27,109.5999984741211,114.4000015258789,108.41999816894531,113.5999984741211,41474600,0,0.0
2022-07-28,112.80000305175781,114.69999694824219,111.85099792480469,114.58999633789062,23303800,0,0.0
2022-07-29,113.4000015258789,116.9000015258789,113.2300033569336,116.63999938964844,31336200,0,0.0
2022-08-01,115.52999877929688,117.12000274658203,114.69000244140625,115.4800033569336,22856200,0,0.0
2022-08-02,114.43000030517578,117.08000183105469,114.26000213623047,115.9000015258789,17911000,0,0.0
2022-08-03,116.33999633789062,119.41999816894531,116.1500015258789,118.77999877929688,25302800,0,0.0
2022-08-04,118.30000305175781,119.5,117.70999908447266,118.87000274658203,15757700,0,0.0
2022-08-05,116.93000030517578,118.86000061035156,116.70999908447266,118.22000122070312,15615700,0,0.0
2022-08-08,119.12000274658203,120.86000061035156,117.83000183105469,118.13999938964844,17061100,0,0.0
2022-08-09,117.98999786376953,118.19999694824219,116.55999755859375,117.5,15424300,0,0.0
2022-08-10,119.58999633789062,121.77999877929688,119.36000061035156,120.6500015258789,20497000,0,0.0
2022-08-11,122.08000183105469,122.33999633789062,119.55000305175781,119.81999969482422,16671600,0,0.0
2022-08-12,121.16000366210938,122.6500015258789,120.4000015258789,122.6500015258789,16121100,0,0.0
2022-08-15,122.20999908447266,123.26000213623047,121.56999969482422,122.87999725341797,15525000,0,0.0
2022-08-16,122.31999969482422,123.22799682617188,121.53500366210938,122.51000213623047,15626200,0,0.0
2022-08-17,120.93000030517578,122.1500015258789,120.19999694824219,120.31999969482422,17589200,0,0.0
2022-08-18,120.2300033569336,121.69000244140625,119.55000305175781,120.86000061035156,15652000,0,0.0
2022-08-19,119.87000274658203,120.0,117.66999816894531,118.12000274658203,20187000,0,0.0
2022-08-22,116.0999984741211,116.5,114.66999816894531,115.06999969482422,19316000,0,0.0
2022-08-23,114.31999969482422,115.93000030517578,114.30000305175781,114.7699966430664,14390700,0,0.0
2022-08-24,114.44999694824219,115.71700286865234,113.77999877929688,114.69999694824219,16051200,0,0.0
2022-08-25,115.1500015258789,117.77999877929688,115.05000305175781,117.69999694824219,14874700,0,0.0
2022-08-26,115.80999755859375,116.5999984741211,111.22000122070312,111.30000305175781,31698700,0,0.0
2022-08-29,110.77999877929688,111.95999908447266,109.80999755859375,110.33999633789062,20386100,0,0.0
2022-08-30,111.02999877929688,111.37000274658203,108.80000305175781,109.91000366210938,20548200,0,0.0
2022-08-31,111.62999725341797,111.7699966430664,109.05000305175781,109.1500015258789,25898000,0,0.0
2022-09-01,109.19999694824219,111.22000122070312,108.19000244140625,110.55000305175781,22784400,0,0.0
2022-09-02,111.33999633789062,111.67500305175781,108.12999725341797,108.68000030517578,20601600,0,0.0
2022-09-06,108.13500213623047,108.87999725341797,106.51000213623047,107.4800033569336,20565100,0,0.0
2022-09-07,107.76000213623047,110.98999786376953,107.61499786376953,110.4800033569336,22987200,0,0.0
2022-09-08,109.18000030517578,110.58000183105469,108.05999755859375,109.41999816894531,21660700,0,0.0
2022-09-09,110.05000305175781,112.0,110.0,111.77999877929688,21732900,0,0.0
2022-09-12,111.98999786376953,112.63999938964844,110.93000030517578,111.87000274658203,19732900,0,0.0
2022-09-13,108.88999938964844,109.37000274658203,105.0,105.30999755859375,33015000,0,0.0
2022-09-14,105.44000244140625,106.0999984741211,104.5,105.87000274658203,22115800,0,0.0
2022-09-15,105.01000213623047,106.20999908447266,103.30999755859375,103.9000015258789,26494900,0,0.0
2022-09-16,102.97000122070312,104.02999877929688,101.8550033569336,103.62999725341797,64518900,0,0.0
2022-09-19,102.54000091552734,104.0199966430664,102.37000274658203,103.8499984741211,19738600,0,0.0
2022-09-20,102.87999725341797,103.16999816894531,101.12000274658203,101.83000183105469,24001700,0,0.0
2022-09-21,102.23999786376953,103.48999786376953,99.98999786376953,100.01000213623047,26596800,0,0.0
2022-09-22,99.44999694824219,101.68000030517578,99.41000366210938,100.56999969482422,21272700,0,0.0
2022-09-23,100.05999755859375,100.11000061035156,98.01000213623047,99.16999816894531,25645100,0,0.0
2022-09-26,98.61000061035156,100.44000244140625,98.37999725341797,98.80999755859375,22437900,0,0.0
2022-09-27,99.91000366210938,100.45999908447266,97.33999633789062,98.08999633789062,24225000,0,0.0
2022-09-28,98.0199966430664,101.4000015258789,97.80000305175781,100.73999786376953,24617000,0,0.0
2022-09-29,99.30000305175781,99.30000305175781,96.5199966430664,98.08999633789062,21921500,0,0.0
2022-09-30,97.7300033569336,99.49400329589844,96.02999877929688,96.1500015258789,26248200,0,0.0
2022-10-03,97.22000122070312,99.97000122070312,97.0199966430664,99.30000305175781,24840000,0,0.0
2022-10-04,101.04000091552734,102.72000122070312,101.04000091552734,102.41000366210938,22580900,0,0.0
2022-10-05,100.69000244140625,102.73999786376953,99.73999786376953,102.22000122070312,18475500,0,0.0
2022-10-06,101.5,103.7300033569336,101.5,102.23999786376953,17156200,0,0.0
2022-10-07,100.6500015258789,101.41999816894531,99.20999908447266,99.56999969482422,24232300,0,0.0
2022-10-10,99.8499984741211,99.98999786376953,97.87000274658203,98.70999908447266,16529900,0,0.0
2022-10-11,98.25,100.12000274658203,97.25,98.05000305175781,21617700,0,0.0
2022-10-12,98.2699966430664,99.64800262451172,97.66999816894531,98.30000305175781,17343400,0,0.0
2022-10-13,95.93000030517578,100.52999877929688,95.2699966430664,99.70999908447266,32812200,0,0.0
2022-10-14,100.625,101.29000091552734,97.02999877929688,97.18000030517578,22612900,0,0.0
2022-10-17,99.5199966430664,101.7699966430664,99.51000213623047,100.77999877929688,23311600,0,0.0
2022-10-18,103.94000244140625,104.22000122070312,100.6500015258789,101.38999938964844,21550300,0,0.0
